code,date,open,high,low,close,change,volume,money,traded_market_value,market_value,turnover,adjust_price,report_type,report_date,PE_TTM,PS_TTM,PC_TTM,PB
sh601677,2014-12-31,13.18,13.5,12.66,12.82,0.029719,15402128.0,202295818.0,5140820000.0,5355631920.0,0.03840929675810474,13.229873451346148,2014-09-30 00:00:00,2014-10-30 00:00:00,48.590861681434355,0.8182008569513762,6.930193046454884,1.9857015111728715
sh601677,2014-12-30,11.99,12.5,11.8,12.45,0.034913,6139803.0,74152116.0,4992450000.0,4992450000.0,0.015311229426433915,12.848042476972987,2014-09-30 00:00:00,2014-10-30 00:00:00,47.188467612459654,0.7945865395815519,6.730178860888148,1.9283916400230268
sh601677,2014-12-29,12.5,12.53,11.91,12.03,-0.036829,8810396.0,107086583.0,4824030000.0,4824030000.0,0.02197106234413965,12.414611157626766,2014-09-30 00:00:00,2014-10-30 00:00:00,45.596555084784576,0.767781001476986,6.503134911715428,1.8633369568485727
sh601677,2014-12-26,12.66,12.75,12.38,12.49,-0.013428,5509188.0,68814130.0,5008490000.0,5008490000.0,0.013738623441396508,12.889311615099254,2014-09-30 00:00:00,2014-10-30 00:00:00,47.34004147216286,0.7971388273494384,6.751796837441563,1.9345858179373887
sh601677,2014-12-25,12.5,12.74,12.41,12.66,0.021792,3796370.0,47899202.0,5076660000.0,5076660000.0,0.009467256857855362,13.064745011108418,2014-09-30 00:00:00,2014-10-30 00:00:00,47.98437566864138,0.8079884968856186,6.843693959935578,1.960917011568734
sh601677,2014-12-24,12.2,12.45,12.18,12.39,0.011429,3100387.0,38213784.0,4968390000.0,4968390000.0,0.007731638403990025,12.786110099813286,2014-09-30 00:00:00,2014-10-30 00:00:00,46.96100152344252,0.7907563348368538,6.6977368778925435,1.9190960700110529
sh601677,2014-12-23,12.7,12.74,12.11,12.25,-0.045207,5951890.0,73442189.0,4912250000.0,4912250000.0,0.014842618453865336,12.64162892285399,2014-09-30 00:00:00,2014-10-30 00:00:00,46.43034906399018,0.781820903728145,6.62205342924965,1.8974105646674686
sh601677,2014-12-22,13.1,13.6,12.65,12.83,-0.006197,10108180.0,132408289.0,5144830000.0,5144830000.0,0.025207431421446384,13.240177633114182,2014-09-30 00:00:00,2014-10-30 00:00:00,48.62870702234954,0.8188381185535974,6.935590676984069,1.987248089028165
sh601677,2014-12-19,12.61,13.2,12.51,12.91,0.024603,9719197.0,125451626.0,5176910000.0,5176910000.0,0.024237399002493765,13.322738644494112,2014-09-30 00:00:00,2014-10-30 00:00:00,48.93193824364541,0.8239441001421786,6.978838539412811,1.9996398572233784
sh601677,2014-12-18,12.48,12.78,12.46,12.6,0.007194,4208348.0,53056737.0,5052600000.0,5052600000.0,0.010494633416458853,13.002830017571794,2014-09-30 00:00:00,2014-10-30 00:00:00,47.75697342643483,0.8041593672302136,6.8112610829880555,1.95162405070391
sh601677,2014-12-17,12.7,12.87,12.4,12.51,-0.030983999999999998,7222805.0,91202637.0,5016510000.0,5016510000.0,0.0180119825436409,12.909955795578403,2014-09-30 00:00:00,2014-10-30 00:00:00,47.41586370295577,0.7984155656509209,6.7626108604579205,1.9376843494936526
sh601677,2014-12-16,12.51,12.96,12.45,12.91,0.036116,9253994.0,117820806.0,5176910000.0,5176910000.0,0.023077291770573567,13.322747813842499,2014-09-30 00:00:00,2014-10-30 00:00:00,48.931971920954624,0.8239446672200673,6.978843342584561,1.9996412334715346
sh601677,2014-12-15,12.6,12.68,12.41,12.46,-0.01346,11082273.0,138675893.0,4996460000.0,4996460000.0,0.02763659102244389,12.85835544846571,2014-09-30 00:00:00,2014-10-30 00:00:00,47.22634523639692,0.7952243447838538,6.735581095731136,1.9299395371479011
sh601677,2014-12-12,12.5,12.75,12.49,12.63,0.003177,5882311.0,74027982.0,5064630000.0,5064630000.0,0.014669104738154613,13.033790265438514,2014-09-30 00:00:00,2014-10-30 00:00:00,47.870684651810286,0.8060741021994585,6.827478962567292,1.95627094405488
sh601677,2014-12-11,12.6,12.79,12.43,12.59,-0.009441,7629641.0,96138909.0,5048590000.0,5048590000.0,0.019026536159601,12.992513051473981,2014-09-30 00:00:00,2014-10-30 00:00:00,47.71908113105691,0.8035213149817614,6.805856755654577,1.950075554019759
sh601677,2014-12-10,12.23,12.83,12.11,12.71,0.035016000000000005,6475183.0,80883671.0,5096710000.0,5096710000.0,0.016147588528678303,13.116344459516275,2014-09-30 00:00:00,2014-10-30 00:00:00,48.173890834424725,0.8111796621723305,6.870723253894596,1.9686616890258521
sh601677,2014-12-09,13.08,13.35,12.23,12.28,-0.06544900000000001,9125585.0,117129973.0,4924280000.0,4924280000.0,0.022757069825436408,12.67260067430482,2014-09-30 00:00:00,2014-10-30 00:00:00,46.54410253988801,0.7837363501359694,6.6382773347412956,1.9020591846172932
sh601677,2014-12-08,13.1,13.35,12.79,13.14,0.003053,6019868.0,79062443.0,5269140000.0,5269140000.0,0.015012139650872818,13.560095355207816,2014-09-30 00:00:00,2014-10-30 00:00:00,49.80370524443075,0.838623413955974,7.1031728977244635,2.0352652606623858
sh601677,2014-12-05,13.96,13.96,12.72,13.1,-0.06361699999999999,9424583.0,125567618.0,5253100000.0,5253100000.0,0.023502700748129674,13.518822390449772,2014-09-30 00:00:00,2014-10-30 00:00:00,49.65211733022159,0.8360708895302382,7.081552916669872,2.02907050840024
sh601677,2014-12-04,13.79,14.25,13.72,13.99,0.012301000000000001,11758711.0,164570386.0,5609990000.0,5609990000.0,0.029323468827930174,14.43727875287118,2014-09-30 00:00:00,2014-10-30 00:00:00,53.025436525675495,0.8928727769836042,7.562667110220787,2.1669236929763143
sh601677,2014-12-03,13.23,14.2,13.11,13.82,0.043807,14672790.0,200772421.0,5541820000.0,5541820000.0,0.03659049875311721,14.261843812138071,2014-09-30 00:00:00,2014-10-30 00:00:00,52.38109665571357,0.8820230119140496,7.470769178555379,2.1405922674938727
sh601677,2014-12-02,13.09,13.38,13.01,13.24,0.015337,6370568.0,83955652.0,5309240000.0,5309240000.0,0.015886703241895263,13.66329581248073,2014-09-30 00:00:00,2014-10-30 00:00:00,50.18274130726617,0.8450058410357947,7.157232303055431,2.050754849789159
sh601677,2014-12-01,12.94,13.47,12.77,13.04,0.00695,8262405.0,108798294.0,5229040000.0,5229040000.0,0.020604501246882793,13.456907226350197,2014-09-30 00:00:00,2014-10-30 00:00:00,49.42471446156909,0.8322417493263761,7.0491199503765065,2.0197775219352385
sh601677,2014-11-28,13.12,13.17,12.72,12.95,-0.00614,6440499.0,83369027.0,5192950000.0,5192950000.0,0.016061094763092268,13.36402723705268,2014-09-30 00:00:00,2014-10-30 00:00:00,49.08358355585589,0.8264975910684504,7.000466706764494,2.0058369550973123
sh601677,2014-11-27,13.22,13.4,12.92,13.03,-0.021037,8066640.0,106128360.0,5225030000.0,5225030000.0,0.02011630922693267,13.446589295325982,2014-09-30 00:00:00,2014-10-30 00:00:00,49.38681862219619,0.8316036374020995,7.043715117586476,2.0182288804231105
sh601677,2014-11-26,13.3,13.56,13.15,13.31,0.000752,8737607.0,116704234.0,5337310000.0,5337310000.0,0.021789543640897756,13.735543933045458,2014-09-30 00:00:00,2014-10-30 00:00:00,50.44809520093831,0.8494740224115715,7.195077972902423,2.06159873296857
sh601677,2014-11-25,13.03,13.37,12.87,13.3,0.019157,7076852.0,92677605.0,5333300000.0,5333300000.0,0.017648009975062343,13.725222565676066,2014-09-30 00:00:00,2014-10-30 00:00:00,50.410186740509445,0.8488356979667006,7.189671340054701,2.060049575687653
sh601677,2014-11-24,12.9,13.15,12.7,13.05,0.022727,7645656.0,99077079.0,5233050000.0,5233050000.0,0.019066473815461348,13.467230824766023,2014-09-30 00:00:00,2014-10-30 00:00:00,49.462631116216095,0.8328802117502019,7.054527751911336,2.0213270140789423
sh601677,2014-11-21,12.6,12.78,12.59,12.76,0.007899,3473885.0,44075212.0,5116760000.0,5116760000.0,0.008663054862842893,13.16796254011679,2014-09-30 00:00:00,2014-10-30 00:00:00,48.363474432782255,0.8143719797660588,6.8977623079388115,1.9764091630307428
sh601677,2014-11-20,12.6,12.84,12.52,12.66,0.000791,3309133.0,41972729.0,5076660000.0,5076660000.0,0.008252201995012469,13.064763969521538,2014-09-30 00:00:00,2014-10-30 00:00:00,47.98444529936258,0.8079896693677229,6.843703890904554,1.96091985707967
sh601677,2014-11-19,12.63,12.75,12.56,12.65,0.003172,2926827.0,37007174.0,5072650000.0,5072650000.0,0.007298820448877806,13.054437909135412,2014-09-30 00:00:00,2014-10-30 00:00:00,47.94651960235712,0.8073510546834683,6.8382947997179775,1.9593699954132981
sh601677,2014-11-18,12.65,12.78,12.48,12.61,-0.006304,2880697.0,36347946.0,5056610000.0,5056610000.0,0.007183783042394015,13.013160165091742,2014-09-30 00:00:00,2014-10-30 00:00:00,47.79491413472178,0.8047982346830537,6.8166723151343716,1.9531745258174054
sh601677,2014-11-17,12.83,12.93,12.55,12.69,-0.010912,4191145.0,53378263.0,5088690000.0,5088690000.0,0.010451733167082294,13.095715555956492,2014-09-30 00:00:00,2014-10-30 00:00:00,48.09812471291198,0.8099038686711567,6.859917233373559,1.9655654504168332
sh601677,2014-11-14,13.04,13.05,12.6,12.83,-0.027293,5093150.0,65104350.0,5144830000.0,5144830000.0,0.012701122194513716,13.240192536919356,2014-09-30 00:00:00,2014-10-30 00:00:00,48.62876176125075,0.8188390402786776,6.935598484031308,1.9872503259738599
sh601677,2014-11-13,12.83,13.23,12.42,13.19,0.027259,10640139.0,137185861.0,5289190000.0,5289190000.0,0.02653401246882793,13.611696571443769,2014-09-30 00:00:00,2014-10-30 00:00:00,49.99322690311754,0.8418146885739258,7.130203117723331,2.0430102034568067
sh601677,2014-11-12,12.47,12.93,12.31,12.84,0.032154,7284713.0,92123781.0,5148840000.0,5148840000.0,0.018166366583541146,13.250501160314752,2014-09-30 00:00:00,2014-10-30 00:00:00,48.666623415436156,0.8194765765731191,6.940998441214272,1.98879757048301
sh601677,2014-11-11,13.37,13.49,12.23,12.44,-0.084621,15700369.0,200048284.0,4988440000.0,4988440000.0,0.039153039900249376,12.837717201420284,2014-09-30 00:00:00,2014-10-30 00:00:00,47.15054479800123,0.7939479734352811,6.72477018082018,1.9268418961540723
sh601677,2014-11-10,13.5,13.8,13.11,13.59,0.0,15493396.0,208297199.0,5449590000.0,5449590000.0,0.03863689775561097,14.024482975270665,2014-09-30 00:00:00,2014-10-30 00:00:00,51.509314500334,0.8673434429184865,7.34643265884424,2.1049662447511603
sh601677,2014-11-07,13.76,14.27,13.4,13.59,0.047803,29695767.0,414108411.0,5449590000.0,5449590000.0,0.07405428179551123,14.024482975270665,2014-09-30 00:00:00,2014-10-30 00:00:00,51.509314500334,0.8673434429184865,7.34643265884424,2.1049662447511603
sh601677,2014-11-06,12.4,13.0,12.33,12.97,0.040931,6481104.0,82037152.0,5200970000.0,5200970000.0,0.01616235411471322,13.384656252435489,2014-09-30 00:00:00,2014-10-30 00:00:00,49.1593500880738,0.8277733914853139,7.011272785861692,2.008933210490102
sh601677,2014-11-05,12.77,12.87,12.39,12.46,-0.033359,6026489.0,75353297.0,4996460000.0,4996460000.0,0.015028650872817954,12.85835108420778,2014-09-30 00:00:00,2014-10-30 00:00:00,47.226329207290206,0.7952240748765422,6.7355788096057205,1.9299388821065968
sh601677,2014-11-04,13.05,13.35,12.81,12.89,-0.015279,10065076.0,131584332.0,5168890000.0,5168890000.0,0.025099940149625934,13.302095694479936,2014-09-30 00:00:00,2014-10-30 00:00:00,48.85612053212124,0.8226674379387406,6.968025160949846,1.996541510350375
sh601677,2014-11-03,12.75,13.13,12.5,13.09,0.054795,15408972.0,198724807.0,5249090000.0,5249090000.0,0.03842636408977556,13.508491942875125,2014-09-30 00:00:00,2014-10-30 00:00:00,49.614175519889635,0.8354320035205308,7.076141527346168,2.02751998825086
sh601677,2014-10-31,12.65,12.78,12.21,12.41,-0.005609,6204850.0,77248324.0,4976410000.0,4976410000.0,0.015473441396508728,12.8067462804385,2014-09-30 00:00:00,2014-10-30 00:00:00,47.036794372261554,0.7920325783877727,6.708546710352407,1.9221934008512171
sh601677,2014-10-30,12.47,12.59,12.23,12.48,0.004831,8603613.0,107416488.0,5004480000.0,5004480000.0,0.021455394014962593,12.878984504524375,2014-09-30 00:00:00,2014-10-30 00:00:00,47.30211191800967,0.7965001477163135,6.746387196135531,1.9330357986458215
sh601677,2014-10-29,12.17,12.6,12.17,12.42,0.013878,9378431.0,116445863.0,4980420000.0,4980420000.0,0.02338760847880299,12.817065262242481,2014-06-30 00:00:00,2014-08-07 00:00:00,63.71000553047758,0.8297473340143993,5.862145646414034,1.9623117557926435
sh601677,2014-10-28,11.69,12.37,11.61,12.25,0.047904,5781235.0,69722141.0,4912250000.0,4912250000.0,0.014417044887780549,12.64162479336023,2014-06-30 00:00:00,2014-08-07 00:00:00,62.83794059095629,0.8183897214599777,5.781904377463594,1.9354515590560635
sh601677,2014-10-27,11.5,11.71,11.33,11.69,0.016522,2059111.0,23624419.0,4687690000.0,4687690000.0,0.005134940149625935,12.063724151601892,2014-06-30 00:00:00,2014-08-07 00:00:00,59.965359986178406,0.780977762714884,5.517589757710243,1.846974111231624
sh601677,2014-10-24,11.63,11.73,11.4,11.5,-0.012875999999999999,2993559.0,34442785.0,4611500000.0,4611500000.0,0.007465234413965087,11.867646889690429,2014-06-30 00:00:00,2014-08-07 00:00:00,58.99071538656164,0.7682841716311934,5.42790983147462,1.8169543907870407
sh601677,2014-10-23,11.83,12.25,11.51,11.65,-0.039570999999999995,5563531.0,65612360.0,4671650000.0,4671650000.0,0.013874142144638404,12.022447929227159,2014-06-30 00:00:00,2014-08-07 00:00:00,59.760187561604866,0.7783056349872898,5.498711237366957,1.8406546601916687
sh601677,2014-10-22,12.5,12.93,12.06,12.13,-0.008987,10412421.0,130074321.0,4864130000.0,4864130000.0,0.02596613715710723,12.517789372485792,2014-06-30 00:00:00,2014-08-07 00:00:00,62.22238974625388,0.8103729010549346,5.725265727468618,1.9164921719269916
sh601677,2014-10-21,12.05,12.29,11.7,12.24,0.019150999999999998,5072365.0,61616435.0,4908240000.0,4908240000.0,0.01264928927680798,12.631306927846346,2014-06-30 00:00:00,2014-08-07 00:00:00,62.786653400362944,0.8177217665711092,5.777185291684991,1.9338718784990627
sh601677,2014-10-20,11.55,12.09,11.47,12.01,0.042535,4388789.0,52034372.0,4816010000.0,4816010000.0,0.010944610972568578,12.393950384041567,2014-06-30 00:00:00,2014-08-07 00:00:00,61.60682116817131,0.8023558496936267,5.668625445772993,1.897532238597679
sh601677,2014-10-17,11.81,11.92,11.3,11.52,-0.035983,4953000.0,57477029.0,4619520000.0,4619520000.0,0.012351620947630922,11.888282296557495,2014-06-30 00:00:00,2014-08-07 00:00:00,59.09328815643724,0.7696200604235125,5.437347854770337,1.820113702271558
sh601677,2014-10-16,12.28,12.37,11.92,11.95,-0.035513,4268083.0,52133371.0,4791950000.0,4791950000.0,0.010643598503740649,12.33202557274145,2014-06-30 00:00:00,2014-08-07 00:00:00,61.29901044943942,0.7983469797975684,5.640302873051343,1.888051457880471
sh601677,2014-10-15,12.24,12.42,12.09,12.39,0.00978,4220143.0,52003258.0,4968390000.0,4968390000.0,0.010524047381546135,12.786098280994405,2014-06-30 00:00:00,2014-08-07 00:00:00,63.55607742710833,0.8277426028526755,5.847982267310336,1.9575706649031779
sh601677,2014-10-14,12.3,12.37,12.12,12.27,-0.009685,3406652.0,41744415.0,4920270000.0,4920270000.0,0.008495391521197007,12.66226136484621,2014-06-30 00:00:00,2014-08-07 00:00:00,62.94051914982306,0.8197256856470475,5.7913429334214745,1.9386110488454693
sh601677,2014-10-13,12.21,12.48,11.96,12.39,0.015574000000000001,5260647.0,64696209.0,4968390000.0,4968390000.0,0.013118820448877806,12.786094691937626,2014-06-30 00:00:00,2014-08-07 00:00:00,63.5560595869224,0.8277423705053922,5.847980625782174,1.9575701154132465
sh601677,2014-10-10,12.33,12.48,12.14,12.2,-0.017713,5804053.0,71385830.0,4892200000.0,4892200000.0,0.014473947630922693,12.590017755414797,2014-06-30 00:00:00,2014-08-07 00:00:00,62.581416604720495,0.8150488004866138,5.758300848369666,1.9275504447861473
sh601677,2014-10-09,12.16,12.45,12.15,12.42,0.023063999999999998,9268963.0,114328624.0,4980420000.0,4980420000.0,0.023114620947630924,12.817046092857582,2014-06-30 00:00:00,2014-08-07 00:00:00,63.70991024488819,0.8297460930324984,5.862136878905723,1.9623088209313033
sh601677,2014-10-08,11.88,12.19,11.8,12.14,0.021026,7986693.0,96139522.0,4868140000.0,4868140000.0,0.019916940149625934,12.528098039670619,2014-06-30 00:00:00,2014-08-07 00:00:00,62.273631214555685,0.8110402604651307,5.729980606204228,1.9180704442061332
sh601677,2014-09-30,11.81,11.96,11.67,11.89,0.009337999999999999,6421858.0,76073458.0,4767890000.0,4767890000.0,0.016014608478802993,12.270106774627305,2014-06-30 00:00:00,2014-08-07 00:00:00,60.991229620553916,0.7943384991813437,5.611983050582677,1.87857159779098
sh601677,2014-09-29,11.79,11.93,11.67,11.78,-0.000848,7554847.0,89006188.0,4723780000.0,4723780000.0,0.018840017456359104,12.15658855074049,2014-06-30 00:00:00,2014-08-07 00:00:00,60.42696264338994,0.7869895903863163,5.560063180602214,1.8611917888665441
sh601677,2014-09-26,11.7,11.94,11.58,11.79,-0.0008470000000000001,2570040.0,30276169.0,4727790000.0,4727790000.0,0.0064090773067331675,12.166906087102351,2014-06-30 00:00:00,2014-08-07 00:00:00,60.478248197861724,0.7876575239666399,5.564782115836443,1.8627714190298814
sh601677,2014-09-25,11.83,12.04,11.79,11.8,-0.003378,4113474.0,48968232.0,4731800000.0,4731800000.0,0.010258039900249377,12.177220192605489,2014-06-30 00:00:00,2014-08-07 00:00:00,60.529516698505354,0.7883252354410585,5.569499481897609,1.8643505239236446
sh601677,2014-09-24,11.55,11.88,11.5,11.84,0.012831,3726572.0,43706516.0,4747840000.0,4747840000.0,0.009293197007481296,12.218494266236837,2014-06-30 00:00:00,2014-08-07 00:00:00,60.73467844228338,0.7909972240639465,5.588377019469377,1.8706696459877914
sh601677,2014-09-23,11.7,11.82,11.35,11.69,-0.0008550000000000001,6431131.0,74188799.0,4687690000.0,4687690000.0,0.016037733167082294,12.063704869061901,2014-06-30 00:00:00,2014-08-07 00:00:00,59.96526413812708,0.7809765144075828,5.517580938448149,1.8469711590460713
sh601677,2014-09-22,12.08,12.08,11.68,11.7,-0.033058,4281699.0,50494833.0,4691700000.0,4691700000.0,0.0106775536159601,12.074028163141389,2014-06-30 00:00:00,2014-08-07 00:00:00,60.016578312584336,0.7816448207293063,5.522302507091712,1.8485516707245409
sh601677,2014-09-19,11.91,12.11,11.91,12.1,0.012551999999999999,2814212.0,33874244.0,4852100000.0,4852100000.0,0.007017985037406484,12.486817371818981,2014-06-30 00:00:00,2014-08-07 00:00:00,62.06843669277407,0.8083678449475836,5.7111000526316085,1.911750312557052
sh601677,2014-09-18,11.9,12.06,11.88,11.95,-0.008298999999999999,2639136.0,31524458.0,1293587500.0,4791950000.0,0.02438000923787529,12.332025784176006,2014-06-30 00:00:00,2014-08-07 00:00:00,61.29901150042079,0.7983469934853555,5.640302969755241,1.8880514902514163
sh601677,2014-09-17,12.0,12.09,11.7,12.05,-0.0008289999999999999,4340675.0,51569493.0,1304412500.0,4832050000.0,0.0400986143187067,12.43522572244659,2014-06-30 00:00:00,2014-08-07 00:00:00,61.811989198781475,0.8050279201950542,5.687503561814742,1.9038515543005565
sh601677,2014-09-16,12.57,12.6,12.0,12.06,-0.042857,9248623.0,113566284.0,1305495000.0,4836060000.0,0.0854376258660508,12.445543077657968,2014-06-30 00:00:00,2014-08-07 00:00:00,61.863273852805456,0.8056958420481122,5.69222241419611,1.9054311567294855
sh601677,2014-09-15,12.49,12.68,12.46,12.6,0.008806999999999999,7968295.0,100335594.0,1363950000.0,5052600000.0,0.07361011547344111,13.002804259821122,2014-06-30 00:00:00,2014-08-07 00:00:00,64.6332615427428,0.8417716496365876,5.947097157056064,1.9907486725907055
sh601677,2014-09-12,12.03,12.68,11.98,12.49,0.033085,7940671.0,98200801.0,1352042500.0,5008490000.0,0.07335492840646651,12.889288297782551,2014-06-30 00:00:00,2014-08-07 00:00:00,64.06900580858657,0.8344228872684145,5.895178321577926,1.9733692099586
sh601677,2014-09-11,12.13,12.34,12.02,12.09,-0.007389,4943166.0,60251494.0,1308742500.0,4848090000.0,0.04566435103926097,12.476503189749682,2014-06-30 00:00:00,2014-08-07 00:00:00,62.01716781154171,0.8077001285164479,5.706382651551349,1.9101711959408956
sh601677,2014-09-10,12.13,12.25,11.9,12.18,-0.013765000000000001,5424697.0,65465917.0,1318485000.0,4884180000.0,0.050112674364896075,12.569378326201988,2014-06-30 00:00:00,2014-08-07 00:00:00,62.47882384090214,0.8137126512968805,5.748860985372265,1.9243905174745146
sh601677,2014-09-09,12.56,12.62,12.2,12.35,-0.013578,5500870.0,67905564.0,1336887500.0,4952350000.0,0.05081635103926097,12.74481064472665,2014-06-30 00:00:00,2014-08-07 00:00:00,63.350848267301544,0.8250697362158923,5.829098526590787,1.9512494663792248
sh601677,2014-09-05,12.43,12.58,12.26,12.52,0.010492,7003462.0,87406203.0,1355290000.0,5020520000.0,0.06469710854503465,12.920241686343825,2014-06-30 00:00:00,2014-08-07 00:00:00,64.22286634655507,0.8364267384708495,5.909335483789683,1.9781082197874995
sh601677,2014-09-04,12.3,12.45,12.25,12.39,0.0,4203152.0,51947422.0,1341217500.0,4968390000.0,0.03882819399538106,12.786090029751671,2014-06-30 00:00:00,2014-08-07 00:00:00,63.55603641251497,0.827742068686194,5.847978493436548,1.9575694016256435
sh601677,2014-09-03,12.65,12.65,12.27,12.39,-0.012749,7061558.0,87911714.0,1341217500.0,4968390000.0,0.065233792147806,12.786090029751671,2014-06-30 00:00:00,2014-08-07 00:00:00,63.55603641251497,0.827742068686194,5.847978493436548,1.9575694016256435
sh601677,2014-09-02,12.17,12.56,12.09,12.55,0.031224000000000002,8052715.0,99131894.0,1358537500.0,5032550000.0,0.07438997690531178,12.951204941551511,2014-06-30 00:00:00,2014-08-07 00:00:00,64.37677592883163,0.8384312284172859,5.923497158712979,1.9828487402146397
sh601677,2014-09-01,11.7,12.25,11.65,12.17,0.034864,6101964.0,73413787.0,1317402500.0,4880170000.0,0.05636918244803695,12.559060826310784,2014-06-30 00:00:00,2014-08-07 00:00:00,62.42753846771569,0.8130447200775835,5.744142066818635,1.92281089289489
sh601677,2014-08-29,11.58,11.79,11.45,11.76,0.015544,3107400.0,36061175.0,1273020000.0,4715760000.0,0.028705773672055426,12.135952962235407,2014-06-30 00:00:00,2014-08-07 00:00:00,60.324388970643184,0.7856536898351701,5.550625074230657,1.8580324495729776
sh601677,2014-08-28,11.74,11.86,11.5,11.58,-0.019475,3722308.0,43256118.0,1253535000.0,4643580000.0,0.03438621709006928,11.950199067923604,2014-06-30 00:00:00,2014-08-07 00:00:00,59.40105891093167,0.7736284098327303,5.465666750264545,1.8295932520629117
sh601677,2014-08-27,11.79,11.97,11.79,11.81,0.0068200000000000005,3196672.0,37954812.0,1278432500.0,4735810000.0,0.02953045727482679,12.187551636035394,2014-06-30 00:00:00,2014-08-07 00:00:00,60.58087138107816,0.7889940693329902,5.574224777812443,1.8659322832797856
sh601677,2014-08-26,12.1,12.2,11.57,11.73,-0.035362,5190456.0,61899055.0,1269772500.0,4703730000.0,0.04794878521939954,12.10499556627341,2014-06-30 00:00:00,2014-08-07 00:00:00,60.170508513019364,0.7836495792028269,5.536466079152621,1.853292826205067
sh601677,2014-08-25,12.6,12.6,12.15,12.16,-0.039494,5986024.0,73614911.0,1316320000.0,4876160000.0,0.055298143187066974,12.54874426082469,2014-06-30 00:00:00,2014-08-07 00:00:00,62.3762577391927,0.8123768493495248,5.739423575634198,1.921231411374077
sh601677,2014-08-22,12.51,12.74,12.44,12.66,-0.008614,6831033.0,85735564.0,1370445000.0,5076660000.0,0.06310423094688222,13.064722407590052,2014-06-30 00:00:00,2014-08-07 00:00:00,64.94103913894625,0.8457800881509588,5.975416682076112,2.0002284331113778
sh601677,2014-08-21,12.7,13.4,12.57,12.77,0.02818,13879400.0,179080827.0,1382352500.0,5120770000.0,0.1282161662817552,13.178239764925117,2014-06-30 00:00:00,2014-08-07 00:00:00,65.50530180872661,0.8531289408474184,6.027336155721497,2.017608109365452
sh601677,2014-08-20,12.41,12.6,12.33,12.42,0.0,4941626.0,61424459.0,1344465000.0,4980420000.0,0.045650124711316395,12.817055150776241,2014-06-30 00:00:00,2014-08-07 00:00:00,63.70995526923944,0.8297466794213254,5.862141021729168,1.9623102077121237
sh601677,2014-08-19,12.44,12.47,12.21,12.42,0.006483,5922768.0,72988933.0,1344465000.0,4980420000.0,0.05471379214780601,12.817055150776241,2014-06-30 00:00:00,2014-08-07 00:00:00,63.70995526923944,0.8297466794213254,5.862141021729168,1.9623102077121237
sh601677,2014-08-18,12.33,12.6,12.31,12.34,0.013136000000000002,6881964.0,85621483.0,1335805000.0,4948340000.0,0.06357472517321017,12.734497404105428,2014-06-30 00:00:00,2014-08-07 00:00:00,63.299584065741236,0.8244020807319402,5.824381556100966,1.949670493900169
sh601677,2014-08-15,12.06,12.33,11.99,12.18,-0.001639,6571187.0,79814876.0,1318485000.0,4884180000.0,0.060703806004618936,12.569385950262774,2014-06-30 00:00:00,2014-08-07 00:00:00,62.478861737951505,0.8137131448610455,5.748864472391629,1.9243916847295615
sh601677,2014-08-14,12.68,12.84,12.19,12.2,-0.049104,9724126.0,121431614.0,1320650000.0,4892200000.0,0.08983026327944572,12.590020994673043,2014-06-30 00:00:00,2014-08-07 00:00:00,62.58143270615689,0.8150490101887448,5.758302329910352,1.9275509407214038
sh601677,2014-08-13,12.8,12.97,12.55,12.83,-0.0031079999999999997,8582100.0,109526060.0,1388847500.0,5144830000.0,0.07928036951501155,13.240166111407603,2014-06-30 00:00:00,2014-08-07 00:00:00,65.81312015841574,0.8571379101276532,6.055659430590046,2.027089125121363
sh601677,2014-08-12,12.67,12.95,12.4,12.87,0.010998,11842027.0,149894282.0,1393177500.0,5160870000.0,0.10939516859122402,13.281444841976466,2014-06-30 00:00:00,2014-08-07 00:00:00,66.01830505051274,0.8598102002299678,6.074539098106961,2.03340896016957
sh601677,2014-08-11,12.42,12.75,12.3,12.73,0.019215,9023559.0,113915100.0,1378022500.0,5104730000.0,0.08335851270207852,13.136964506335785,2014-06-30 00:00:00,2014-08-07 00:00:00,65.30013417485765,0.850456875513075,6.008458076185078,2.011288805882475
sh601677,2014-08-08,12.65,12.78,12.45,12.49,-0.006364,9760814.0,122890023.0,1352042500.0,5008490000.0,0.09016918244803696,12.889296670806242,2014-06-30 00:00:00,2014-08-07 00:00:00,64.06904742851866,0.8344234293187158,5.895182151150717,1.9733704918809816
sh601677,2014-08-07,13.01,13.14,12.51,12.57,-0.059835,16853098.0,216777747.0,1360702500.0,5040570000.0,0.15568681755196304,12.971849521158898,2014-06-30 00:00:00,2014-08-07 00:00:00,64.47939429380443,0.8397677110317218,5.932939377348161,1.9860094560593433
sh601677,2014-08-06,12.6,14.09,12.41,13.37,0.024521,28520267.0,376058328.0,1447302500.0,5361370000.0,0.26346666974595845,13.797418028919283,2014-03-31 00:00:00,2014-04-29 00:00:00,96.22981693148613,0.9312998005409779,23.514143335971475,2.133207879707011
sh601677,2014-08-05,13.02,13.55,12.63,13.05,0.05412,36163688.0,471868702.0,1412662500.0,5233050000.0,0.33407563972286375,13.467189085357239,2014-03-31 00:00:00,2014-04-29 00:00:00,93.9266417491551,0.9090099671368159,22.951353204054843,2.0821514441451283
sh601677,2014-08-04,11.25,12.38,11.13,12.38,0.100444,19452480.0,231535571.0,1340135000.0,4964380000.0,0.179699584295612,12.775764699803855,2014-03-31 00:00:00,2014-04-29 00:00:00,89.10431615864901,0.8623401198505066,21.772998523939254,1.9752508672116347
sh601677,2014-08-01,11.18,11.48,11.07,11.25,-0.014022999999999999,11256344.0,126511720.0,1217812500.0,4511250000.0,0.10398470207852194,11.609645470195535,2014-03-31 00:00:00,2014-04-29 00:00:00,80.97124084337686,0.7836292622346132,19.785648814423315,1.7949580961972027
sh601677,2014-07-31,11.2,11.99,11.15,11.41,0.027002999999999996,16336572.0,188133431.0,1235132500.0,4575410000.0,0.15091521478060047,11.774762971342675,2014-03-31 00:00:00,2014-04-29 00:00:00,82.12284956279595,0.7947743834132166,20.067049043155485,1.820486782346041
sh601677,2014-07-30,11.0,11.24,10.91,11.11,-0.012444,8192533.0,90674708.0,1202657500.0,4455110000.0,0.07568159815242494,11.465169012498187,2014-03-31 00:00:00,2014-04-29 00:00:00,79.96359266992984,0.7738773727177201,19.53942592490527,1.7726207054371228
sh601677,2014-07-29,11.4,11.45,11.03,11.25,-0.012291,12404037.0,138926668.0,1217812500.0,4511250000.0,0.11458694688221709,11.609639364753175,2014-03-31 00:00:00,2014-04-29 00:00:00,80.97119826109086,0.783628850128722,19.78563840927023,1.7949571522395924
sh601677,2014-07-28,11.34,11.86,11.07,11.39,0.011545,16883096.0,194419563.0,1232967500.0,4567390000.0,0.155963935334873,11.754109119946436,2014-03-31 00:00:00,2014-04-29 00:00:00,81.97879968805675,0.7933802872391786,20.03184987609734,1.8172935067308207
sh601677,2014-07-25,10.86,11.62,10.84,11.26,0.023636,12742898.0,143969349.0,1218895000.0,4515260000.0,0.11771730254041571,11.619956719618443,2014-03-31 00:00:00,2014-04-29 00:00:00,81.04315644687756,0.7843252522025008,19.803221681781178,1.7965523103083114
sh601677,2014-07-24,11.22,11.27,10.66,11.0,-0.029126,11995941.0,132332319.0,1190750000.0,4411000000.0,0.11081700692840647,11.351649140532809,2014-03-31 00:00:00,2014-04-29 00:00:00,79.17185058641701,0.766214994590363,19.345960558031543,1.7550694878924846
sh601677,2014-07-23,11.27,11.49,11.0,11.33,0.034703,24825971.0,278944272.0,1226472500.0,4543330000.0,0.22933922401847576,11.692196042465664,2014-03-31 00:00:00,2014-04-29 00:00:00,81.54698816367213,0.7892012708037943,19.926334990978795,1.8077211748306008
sh601677,2014-07-22,10.17,10.95,10.17,10.95,0.100503,10063353.0,107861470.0,1185337500.0,4390950000.0,0.092964,11.300050393654665,2014-03-31 00:00:00,2014-04-29 00:00:00,78.81197615515963,0.7627321760967103,19.258023791347657,1.7470918464821314
sh601677,2014-07-21,10.12,10.14,9.93,9.95,-0.025465,4319335.0,43200696.0,1077087500.0,3989950000.0,0.03990147806004618,10.268077773213399,2014-03-31 00:00:00,2014-04-29 00:00:00,71.61450369073017,0.6930759626250089,17.499292406606486,1.5875393765234
sh601677,2014-07-18,10.18,10.52,10.11,10.21,0.001963,4843582.0,49925531.0,1105232500.0,4094210000.0,0.04474440646651271,10.536386864723585,2014-03-31 00:00:00,2014-04-29 00:00:00,73.48582009956561,0.7111863223229632,17.956556107894006,1.6290224327739897
sh601677,2014-07-17,10.07,10.25,10.02,10.19,0.008911,3309417.0,33625178.0,1103067500.0,4086190000.0,0.030571981524249423,10.515744458351842,2014-03-31 00:00:00,2014-04-29 00:00:00,73.34185004792154,0.7097929986665806,17.921376445930644,1.6258309266649464
sh601677,2014-07-16,10.28,10.44,10.02,10.1,-0.018465000000000002,4716440.0,48183727.0,1093325000.0,4050100000.0,0.04356988452655889,10.422866296781226,2014-03-31 00:00:00,2014-04-29 00:00:00,72.6940731619752,0.7035238972184671,17.763089554906873,1.6114711076249013
sh601677,2014-07-15,10.22,10.5,10.18,10.29,-0.005797,5445520.0,56153725.0,1113892500.0,4126290000.0,0.05030503464203233,10.61894511839234,2014-03-31 00:00:00,2014-04-29 00:00:00,74.06162099362241,0.7167588493721232,18.097255375413887,1.6417866990223486
sh601677,2014-07-14,10.07,10.38,9.96,10.35,0.035,5498544.0,55959310.0,1120387500.0,4150350000.0,0.05079486374133949,10.68086207584602,2014-03-31 00:00:00,2014-04-29 00:00:00,74.49345957880072,0.7209381276983908,18.20277687294636,1.6513596308021086
sh601677,2014-07-11,9.97,10.15,9.91,10.0,-0.000999,4886730.0,49047076.0,1082500000.0,4010000000.0,0.04514300230946882,10.31967350323287,2014-03-31 00:00:00,2014-04-29 00:00:00,71.9743570809669,0.696558577486368,17.58722403183223,1.595516551499622
sh601677,2014-07-10,10.2,10.3,9.9,10.01,-0.015733,7525756.0,75596491.0,1083582500.0,4014010000.0,0.06952199538106235,10.32999316640611,2014-03-31 00:00:00,2014-04-29 00:00:00,72.04633136600152,0.6972551353665992,17.60481123825925,1.5971120664540095
sh601677,2014-07-09,10.72,10.88,10.15,10.17,-0.056586000000000004,8793092.0,92961522.0,1100902500.0,4078170000.0,0.08122948729792148,10.495112775706296,2014-03-31 00:00:00,2014-04-29 00:00:00,73.19795478869202,0.7084003988415737,17.886215059795006,1.622641078542722
sh601677,2014-07-08,10.56,10.83,10.38,10.78,0.019868,7135679.0,75914128.0,1166935000.0,4322780000.0,0.06591851270207852,11.124609954597132,2014-03-31 00:00:00,2014-04-29 00:00:00,77.58837031111688,0.7508902759992683,18.959030775242898,1.7199671390743851
sh601677,2014-07-07,10.86,10.97,10.52,10.57,-0.043439,9918775.0,106029477.0,1144202500.0,4238570000.0,0.0916284064665127,10.907891957191646,2014-03-31 00:00:00,2014-04-29 00:00:00,76.07687495942307,0.7362622182471342,18.589690798459117,1.6864605410449052
sh601677,2014-07-04,11.13,11.39,11.0,11.05,-0.034091,10532042.0,117689316.0,1196162500.0,4431050000.0,0.09729369053117783,11.40323717691987,2014-03-31 00:00:00,2014-04-29 00:00:00,79.5316503175679,0.7696970901459858,19.433879071443553,1.7630454733622898
sh601677,2014-07-03,11.39,11.56,10.92,11.44,0.015084,16820521.0,188567042.0,1238380000.0,4587440000.0,0.1553858752886836,11.805705482524615,2014-03-31 00:00:00,2014-04-29 00:00:00,82.33865749006159,0.7968629447970624,20.119782579356393,1.825270779506444
sh601677,2014-07-02,10.86,11.29,10.6,11.27,0.026173000000000002,13663544.0,149761680.0,1219977500.0,4519270000.0,0.12622211547344112,11.63027442312618,2014-03-31 00:00:00,2014-04-29 00:00:00,81.11511706426423,0.7850216778089916,19.82080554846337,1.7981475222803667
sh601677,2014-07-01,10.8,11.35,10.6,11.08,0.019319,14908450.0,163416138.0,1199410000.0,4443080000.0,0.13772240184757506,11.333639087294422,2014-03-31 00:00:00,2014-04-29 00:00:00,79.0462398292142,0.7649993498259958,19.315267063607568,1.7522849678176748
sh601677,2014-06-30,10.93,10.97,10.6,10.87,-0.025112,11476996.0,124078301.0,1176677500.0,4358870000.0,0.10602305773672054,11.118834326932415,2014-03-31 00:00:00,2014-04-29 00:00:00,77.54808831113144,0.7505004319805632,18.949187706309377,1.7190741738530084
sh601677,2014-06-27,10.69,11.68,10.46,11.15,0.038175,22499106.0,249127386.0,1206987500.0,4471150000.0,0.20784393533487297,11.405242783717117,2014-03-31 00:00:00,2014-04-29 00:00:00,79.54563838218488,0.7698324648375642,19.437297111370103,1.7633555586416167
sh601677,2014-06-26,10.5,10.88,10.45,10.74,0.018975,12455072.0,133056896.0,1162605000.0,4306740000.0,0.11505840184757506,10.98585766726912,2014-03-31 00:00:00,2014-04-29 00:00:00,76.62064524977471,0.7415247572302974,18.722563258959326,1.6985147577639768
sh601677,2014-06-25,11.05,11.05,10.38,10.54,-0.062278,15059711.0,160498040.0,1140955000.0,4226540000.0,0.1391197321016166,10.781282825652365,2014-03-31 00:00:00,2014-04-29 00:00:00,75.19384209600305,0.7277163396847788,18.373918161838443,1.666885603438727
sh601677,2014-06-24,10.79,11.27,10.53,11.24,0.039777999999999994,20139382.0,220490872.0,1216730000.0,4507240000.0,0.18604509930715935,11.497312450440926,2014-03-31 00:00:00,2014-04-29 00:00:00,80.187776436943,0.7760469944021563,19.594206131282455,1.7775903769333843
sh601677,2014-06-23,10.75,11.17,10.63,10.81,0.004647,15813349.0,172099108.0,1170182500.0,4334810000.0,0.14608174595842957,11.057468469654989,2014-03-31 00:00:00,2014-04-29 00:00:00,77.12009336314385,0.7463583518810325,18.844605417004832,1.70958644723526
sh601677,2014-06-20,10.61,10.87,10.45,10.76,0.020873,14064257.0,150484048.0,1164770000.0,4314760000.0,0.12992385219399538,11.006322090898584,2014-03-31 00:00:00,2014-04-29 00:00:00,76.7633739643316,0.7429060673858903,18.75743959520591,1.7016787461021232
sh601677,2014-06-19,10.96,11.05,10.31,10.54,-0.061443,16926859.0,181144456.0,1140955000.0,4226540000.0,0.1563682124711316,10.781284342811087,2014-03-31 00:00:00,2014-04-29 00:00:00,75.19385267739631,0.7277164420901426,18.3739207474445,1.6668858380054357
sh601677,2014-06-18,11.03,11.53,10.78,11.23,0.004472,26842917.0,297683098.0,1215647500.0,4503230000.0,0.247971519630485,11.487085326529009,2014-03-31 00:00:00,2014-04-29 00:00:00,80.11644756514129,0.775356682748243,19.57677663417832,1.7760091694009377
sh601677,2014-06-17,11.6,11.82,11.01,11.18,-0.038693,24326524.0,277819351.0,1210235000.0,4483180000.0,0.2247253949191686,11.435943785918383,2014-03-31 00:00:00,2014-04-29 00:00:00,79.7597619098803,0.771904724818853,19.48961905775205,1.76810221628969
sh601677,2014-06-16,11.6,11.93,11.3,11.63,-0.0017170000000000002,27551534.0,318671932.0,1258947500.0,4663630000.0,0.2545176351039261,11.896245201500024,2014-03-31 00:00:00,2014-04-29 00:00:00,82.97012495475461,0.8029742057624182,20.27408419761018,1.8392690537879053
sh601677,2014-06-13,11.5,11.84,11.12,11.65,0.082714,40471831.0,466509455.0,1261112500.0,4671650000.0,0.373873727482679,11.916706186021422,2014-03-31 00:00:00,2014-04-29 00:00:00,83.11282968332087,0.8043552837846766,20.30895467278335,1.8424325104082764
sh601677,2014-06-12,9.95,10.76,9.81,10.76,0.100204,18527879.0,190248304.0,1164770000.0,4314760000.0,0.17115823556581986,11.006328712865468,2014-03-31 00:00:00,2014-04-29 00:00:00,76.76342014910759,0.7429065143562165,18.757450880641933,1.7016797699191812
sh601677,2014-06-11,8.74,9.78,8.7,9.78,0.100112,20397974.0,196295777.0,1058685000.0,3921780000.0,0.18843393995381064,10.003898106956044,2014-03-31 00:00:00,2014-04-29 00:00:00,69.77198787598263,0.6752443313751055,17.049066246479686,1.5466947674423848
sh601677,2014-06-10,8.72,9.3,8.72,8.89,0.045882,10778309.0,96484247.0,962342500.0,3564890000.0,0.09956867436489607,9.09352693812634,2014-03-31 00:00:00,2014-04-29 00:00:00,63.422622311167075,0.6137959874768255,15.497573198437692,1.4059430016601808
sh601677,2014-06-09,8.23,8.58,8.23,8.5,0.029056,4157019.0,35187255.0,920125000.0,3408500000.0,0.03840202309468822,8.69460124385575,2014-03-31 00:00:00,2014-04-29 00:00:00,60.6403230107862,0.5868692524365327,14.817707158587387,1.3442654158501446
sh601677,2014-06-06,8.28,8.35,8.19,8.26,-0.002415,789042.0,6523251.0,894145000.0,3312260000.0,0.007289071593533487,8.449104075828478,2014-03-31 00:00:00,2014-04-29 00:00:00,58.92810790742797,0.5702986547248475,14.399320502078982,1.3063092930318123
sh601677,2014-06-05,8.21,8.3,8.15,8.28,0.008526,789942.0,6494014.0,896310000.0,3320280000.0,0.007297385681293301,8.469558058539853,2014-03-31 00:00:00,2014-04-29 00:00:00,59.07076380200982,0.5716792601380809,14.43417904447138,1.3094716671078779
sh601677,2014-06-04,8.29,8.29,8.14,8.21,-0.010843,871194.0,7142174.0,888732500.0,3292210000.0,0.008047981524249424,8.397957076505566,2014-03-31 00:00:00,2014-04-29 00:00:00,58.57138418048699,0.5668463283426317,14.312153622684372,1.2984014959533794
sh601677,2014-06-03,8.33,8.42,8.17,8.3,-0.0036009999999999996,1939985.0,16058008.0,898475000.0,3328300000.0,0.017921339491916863,8.490014301577572,2014-03-31 00:00:00,2014-04-29 00:00:00,59.21343546119271,0.5730600181190971,14.469041439007533,1.3126343906512106
sh601677,2014-05-30,8.22,8.53,8.2,8.33,0.013382,3315741.0,27846180.0,901722500.0,3340330000.0,0.030630401847575057,8.520697332672526,2014-03-31 00:00:00,2014-04-29 00:00:00,59.42743364976551,0.5751310650844662,14.521332758270063,1.317378269800763
sh601677,2014-05-29,8.32,8.41,8.21,8.22,-0.015569,780163.0,6470527.0,889815000.0,3296220000.0,0.007207048498845267,8.408179080221007,2014-03-31 00:00:00,2014-04-29 00:00:00,58.64267734158048,0.5675362943929004,14.329574393733125,1.2999819118563019
sh601677,2014-05-28,8.12,8.4,8.12,8.35,0.02454,1954249.0,16228658.0,903887500.0,3348350000.0,0.01805310854503464,8.541156343330318,2014-03-31 00:00:00,2014-04-29 00:00:00,59.5701246116594,0.5765120098746387,14.556199869501391,1.3205414212436442
sh601677,2014-05-27,8.29,8.29,8.13,8.15,-0.013316999999999999,752380.0,6170252.0,882237500.0,3268150000.0,0.006950392609699769,8.336576749888064,2014-03-31 00:00:00,2014-04-29 00:00:00,58.14328831637555,0.5627032715898245,14.207546674118525,1.2889115322424154
sh601677,2014-05-26,8.29,8.3,8.23,8.26,-0.001209,610749.0,5043570.0,894145000.0,3312260000.0,0.005642023094688222,8.449093325706498,2014-03-31 00:00:00,2014-04-29 00:00:00,58.928032930916565,0.5702979291118063,14.39930218126645,1.3063076309639625
sh601677,2014-05-23,8.17,8.28,8.17,8.27,0.007308,845384.0,6961234.0,895227500.0,3316270000.0,0.007809551963048499,8.459320644365535,2014-03-31 00:00:00,2014-04-29 00:00:00,58.9993631609782,0.5709882539107846,14.416732010266864,1.3078888686061074
sh601677,2014-05-22,8.2,8.28,8.19,8.21,-0.001217,475672.0,3910516.0,888732500.0,3292210000.0,0.004394198614318707,8.397948437186574,2014-03-31 00:00:00,2014-04-29 00:00:00,58.57132392572896,0.5668457452048276,14.31213889919157,1.298400160235109
sh601677,2014-05-21,8.18,8.25,8.07,8.22,0.002439,730916.0,5985505.0,889815000.0,3296220000.0,0.006752110854503465,8.408181193699308,2014-03-31 00:00:00,2014-04-29 00:00:00,58.64269208199275,0.5675364370487159,14.329577995612231,1.2999822386195092
sh601677,2014-05-20,8.13,8.27,8.13,8.2,0.003672,530133.0,4347234.0,887650000.0,3288200000.0,0.004897302540415704,8.387723535995015,2014-03-31 00:00:00,2014-04-29 00:00:00,58.50001055624607,0.5661555835803634,14.294713190141477,1.2968192963556977
sh601677,2014-05-19,8.19,8.19,8.03,8.17,0.009889,545754.0,4434586.0,884402500.0,3276170000.0,0.0050416073903002305,8.357036497974454,2014-03-31 00:00:00,2014-04-29 00:00:00,58.28598442145049,0.564084266155042,14.242415042106858,1.2920747976985483
sh601677,2014-05-16,8.03,8.11,8.0,8.09,0.0049689999999999995,403521.0,3244442.0,875742500.0,3244090000.0,0.003727676674364896,8.275203015355602,2014-03-31 00:00:00,2014-04-29 00:00:00,57.715238428629775,0.558560659790375,14.102950960062797,1.2794225877285013
sh601677,2014-05-15,8.16,8.16,8.02,8.05,-0.01348,602699.0,4863007.0,871412500.0,3228050000.0,0.005567658198614319,8.23428684402763,2014-03-31 00:00:00,2014-04-29 00:00:00,57.42986940754368,0.5557988950807188,14.033219890427262,1.2730965708678585
sh601677,2014-05-14,8.12,8.19,8.1,8.16,-0.001224,682941.0,5560479.0,883320000.0,3272160000.0,0.006308923787528869,8.34680173136645,2014-03-31 00:00:00,2014-04-29 00:00:00,58.21460224581731,0.5633934386334986,14.224972519996822,1.2904924085349094
sh601677,2014-05-13,8.23,8.27,8.15,8.17,-0.013285,1302147.0,10672095.0,884402500.0,3276170000.0,0.012029071593533487,8.357030736988524,2014-03-31 00:00:00,2014-04-29 00:00:00,58.285944241569,0.5640838772993129,14.242405223990989,1.292073906997074
sh601677,2014-05-12,7.97,8.35,7.95,8.28,0.038896,2450236.0,20112789.0,896310000.0,3320280000.0,0.022634974595842954,8.469548691353149,2014-03-31 00:00:00,2014-04-29 00:00:00,59.070698470752944,0.5716786278705734,14.434163080515637,1.3094702188545566
sh601677,2014-05-09,7.9,8.09,7.83,7.97,0.015287,974829.0,7778886.0,862752500.0,3195970000.0,0.009005348729792148,8.15245095885743,2014-03-31 00:00:00,2014-04-29 00:00:00,56.85910665817651,0.5502751265483489,13.893751713853588,1.2604439894412498
sh601677,2014-05-08,7.78,7.95,7.78,7.85,0.002554,711614.0,5624111.0,849762500.0,3147850000.0,0.006573801385681293,8.02970092087994,2014-03-31 00:00:00,2014-04-29 00:00:00,56.002988965855465,0.541989729552677,13.684555907692687,1.2414657032358827
sh601677,2014-05-07,7.86,7.92,7.76,7.83,-0.005083,648519.0,5095017.0,847597500.0,3139830000.0,0.005990937644341801,8.009245308362381,2014-03-31 00:00:00,2014-04-29 00:00:00,55.86032170422288,0.5406090141305875,13.649694587715663,1.2383030771767733
sh601677,2014-05-06,7.86,7.95,7.85,7.87,0.0,495055.0,3913767.0,851927500.0,3155870000.0,0.004573256351039261,8.050164293466068,2014-03-31 00:00:00,2014-04-29 00:00:00,56.14571034993159,0.543370968764819,13.719430452706773,1.2446295290730516
sh601677,2014-05-05,7.81,7.88,7.79,7.87,0.0063939999999999995,365544.0,2864964.0,851927500.0,3155870000.0,0.0033768498845265587,8.050164293466068,2014-03-31 00:00:00,2014-04-29 00:00:00,56.14571034993159,0.543370968764819,13.719430452706773,1.2446295290730516
sh601677,2014-04-30,7.89,7.9,7.75,7.82,0.003851,443888.0,3462883.0,846515000.0,3135820000.0,0.004100581986143187,7.999018568737561,2014-03-31 00:00:00,2014-04-29 00:00:00,55.78899551262388,0.5399187284153315,13.632265745529853,1.2367219290586506
sh601677,2014-04-29,7.82,7.82,7.67,7.79,-0.0076430000000000005,983596.0,7596668.0,843267500.0,3123790000.0,0.009086337182448037,7.968332520202262,2014-03-31 00:00:00,2014-04-29 00:00:00,55.574976278973544,0.5378474777784068,13.57996928381787,1.2319775833850348
sh601677,2014-04-28,8.0,8.02,7.81,7.85,-0.015056,779138.0,6122302.0,849762500.0,3147850000.0,0.007197579676674365,8.02970354439205,2013-09-30 00:00:00,2013-10-29 00:00:00,55.28558142090681,0.5824163457902097,-14.682145025847232,1.2475503443723095
sh601677,2014-04-25,8.15,8.18,7.92,7.97,-0.017263,899140.0,7220740.0,862752500.0,3195970000.0,0.008306143187066975,8.152446783159295,2013-09-30 00:00:00,2013-10-29 00:00:00,56.13068501448489,0.5913192483940302,-14.906578471311292,1.2666205838832556
sh601677,2014-04-24,8.17,8.24,8.1,8.11,-0.007344,611391.0,4997252.0,877907500.0,3252110000.0,0.005647953810623556,8.295654669722719,2013-09-30 00:00:00,2013-10-29 00:00:00,57.11669044157785,0.6017065078388524,-15.168431097344758,1.288870352783355
sh601677,2014-04-23,8.16,8.24,8.12,8.17,0.001225,540601.0,4420571.0,884402500.0,3276170000.0,0.004994004618937644,8.357028688410406,2013-09-30 00:00:00,2013-10-29 00:00:00,57.53925875789584,0.6061581331688444,-15.280652207154096,1.2984058453113212
sh601677,2014-04-22,8.14,8.18,8.0,8.16,0.002457,758515.0,6152673.0,883320000.0,3272160000.0,0.0070070669745958426,8.346803853689636,2013-09-30 00:00:00,2013-10-29 00:00:00,57.46885940512457,0.6054164979588448,-15.261956310673522,1.296817244187192
sh601677,2014-04-21,8.25,8.3,8.11,8.14,-0.020457,1110983.0,9104431.0,881155000.0,3264140000.0,0.010263122401847577,8.326346021514773,2013-09-30 00:00:00,2013-10-29 00:00:00,57.3280044980728,0.6039326354734864,-15.224549592325179,1.2936387737201616
sh601677,2014-04-18,8.28,8.38,8.27,8.31,0.0,671838.0,5575768.0,899557500.0,3332310000.0,0.006206355658198615,8.5002353357788,2013-09-30 00:00:00,2013-10-29 00:00:00,58.525255652965505,0.6165453027314639,-15.542502567345363,1.3206554216814999
sh601677,2014-04-17,8.33,8.41,8.3,8.31,-0.003597,741832.0,6182903.0,899557500.0,3332310000.0,0.006852951501154734,8.5002353357788,2013-09-30 00:00:00,2013-10-29 00:00:00,58.525255652965505,0.6165453027314639,-15.542502567345363,1.3206554216814999
sh601677,2014-04-16,8.25,8.4,8.25,8.34,0.00361,1045060.0,8706524.0,902805000.0,3344340000.0,0.009654133949191686,8.530921058827401,2013-09-30 00:00:00,2013-10-29 00:00:00,58.73653095480995,0.6187710220979502,-15.59861077028608,1.3254229680977472
sh601677,2014-04-15,8.49,8.6,8.31,8.31,-0.007168000000000001,2062421.0,17390713.0,899557500.0,3332310000.0,0.019052387990762126,8.500235209720312,2013-09-30 00:00:00,2013-10-29 00:00:00,58.52525478503598,0.6165452935880973,-15.542502336850053,1.3206554020961803
sh601677,2014-04-14,8.29,8.38,8.25,8.37,0.004802000000000001,1307005.0,10878629.0,906052500.0,3356370000.0,0.01207394919168591,8.561604792875643,2013-09-30 00:00:00,2013-10-29 00:00:00,58.947792562121265,0.6209965971968039,-15.654715336381232,1.3301902054891261
sh601677,2014-04-11,8.28,8.38,8.24,8.33,0.006039,1596309.0,13280239.0,901722500.0,3340330000.0,0.014746503464203232,8.520688446953374,2013-09-30 00:00:00,2013-10-29 00:00:00,58.66607805529971,0.6180288227897673,-15.579900653443396,1.3238331586612349
sh601677,2014-04-10,8.33,8.37,8.25,8.28,-0.006002,1303235.0,10805367.0,896310000.0,3320280000.0,0.012039122401847574,8.469540889521554,2013-09-30 00:00:00,2013-10-29 00:00:00,58.31392029066439,0.6143189506468113,-15.486378414200042,1.3158865199671532
sh601677,2014-04-09,8.29,8.35,8.23,8.33,0.003614,1439333.0,11939644.0,901722500.0,3340330000.0,0.013296378752886836,8.520682023023742,2013-09-30 00:00:00,2013-10-29 00:00:00,58.666033825686156,0.6180283568445926,-15.579888907422392,1.3238321605950447
sh601677,2014-04-08,8.22,8.32,8.16,8.3,0.008505,1692418.0,14008463.0,898475000.0,3328300000.0,0.01563434642032333,8.489999166037682,2013-09-30 00:00:00,2013-10-29 00:00:00,58.45477825706512,0.6158028453614562,-15.5237859450171,1.3190650594701196
sh601677,2014-04-04,8.15,8.27,8.08,8.23,0.001217,1421653.0,11595827.0,890897500.0,3300230000.0,0.01313305311778291,8.418400668353335,2013-09-30 00:00:00,2013-10-29 00:00:00,57.961813037183866,0.6106096106231066,-15.39286958916128,1.307941021085785
sh601677,2014-04-03,8.09,8.35,8.07,8.22,0.018587,2179103.0,17954935.0,889815000.0,3296220000.0,0.020130281755196308,8.408167927984978,2013-09-30 00:00:00,2013-10-29 00:00:00,57.89135925297301,0.609867401994879,-15.374159237369405,1.306351191685504
sh601677,2014-04-02,8.08,8.17,8.06,8.07,-0.002472,603764.0,4891628.0,873577500.0,3236070000.0,0.005577496535796767,8.254737128968836,2013-09-30 00:00:00,2013-10-29 00:00:00,56.834967708181054,0.5987386467674132,-15.093614229682302,1.2825131203181506
sh601677,2014-04-01,8.02,8.1,8.01,8.09,0.006219,807461.0,6503708.0,875742500.0,3244090000.0,0.007459224018475751,8.275193407071114,2013-09-30 00:00:00,2013-10-29 00:00:00,56.97581191523552,0.6002223965316393,-15.131018106441426,1.2856913493337034
sh601677,2014-03-31,8.15,8.19,8.02,8.04,-0.014706,848672.0,6874717.0,870330000.0,3224040000.0,0.00783992609699769,8.22404805223427,2013-09-30 00:00:00,2013-10-29 00:00:00,56.6236693157608,0.5965126841489172,-15.037499894596927,1.2777450528500292
sh601677,2014-03-28,8.12,8.33,8.08,8.16,0.004926,1405206.0,11508288.0,883320000.0,3272160000.0,0.01298111778290993,8.346796034720876,2013-09-30 00:00:00,2013-10-29 00:00:00,57.468805570480285,0.605415930827669,-15.261942013852645,1.296816029378063
sh601677,2014-03-27,8.18,8.25,8.1,8.12,-0.012165,914315.0,7471557.0,878990000.0,3256120000.0,0.008446327944572746,8.305881263616302,2013-09-30 00:00:00,2013-10-29 00:00:00,57.18710190648893,0.6024482706464646,-15.187130210436038,1.290459227224754
sh601677,2014-03-26,8.23,8.26,8.12,8.22,-0.001215,1111364.0,9086822.0,889815000.0,3296220000.0,0.010266642032332565,8.40816661043221,2013-09-30 00:00:00,2013-10-29 00:00:00,57.89135018144622,0.6098673064291754,-15.374156828251719,1.3063509869813825
sh601677,2014-03-25,8.17,8.4,8.09,8.23,0.007344,2467099.0,20447358.0,890897500.0,3300230000.0,0.02279075288683603,8.418394960308985,2013-09-30 00:00:00,2013-10-29 00:00:00,57.9617737365361,0.6106091966030481,-15.392859152121547,1.3079401342444894
sh601677,2014-03-24,8.05,8.17,8.01,8.17,0.014907,1510150.0,12275582.0,884402500.0,3276170000.0,0.013950577367205542,8.357020998098946,2013-09-30 00:00:00,2013-10-29 00:00:00,57.539205809074254,0.6061575753695342,-15.2806381455804,1.2984046504912814
sh601677,2014-03-21,7.79,8.06,7.78,8.05,0.024173,1015146.0,8077482.0,871412500.0,3228050000.0,0.009377792147806006,8.234272695034072,2013-09-30 00:00:00,2013-10-29 00:00:00,56.694067347130584,0.5972543054383644,-15.056195440154026,1.279333624155988
sh601677,2014-03-20,8.0,8.06,7.85,7.86,-0.01995,558155.0,4450524.0,850845000.0,3151860000.0,0.005156166281755197,8.039923621335529,2013-09-30 00:00:00,2013-10-29 00:00:00,55.35594801574596,0.583157635905618,-14.70083222283152,1.2491382062952139
sh601677,2014-03-19,8.05,8.09,7.96,8.02,-0.0024879999999999998,1126584.0,9041919.0,868165000.0,3216020000.0,0.010407242494226327,8.203585144977836,2013-09-30 00:00:00,2013-10-29 00:00:00,56.48277946609454,0.5950284535540207,-15.000083896568052,1.2745657938831834
sh601677,2014-03-18,7.99,8.08,7.98,8.04,0.001245,839571.0,6735850.0,870330000.0,3224040000.0,0.00775585219399538,8.22404657285109,2013-09-30 00:00:00,2013-10-29 00:00:00,56.62365913001001,0.5965125768452116,-15.037497189575717,1.2777448230028143
sh601677,2014-03-17,7.85,8.06,7.75,8.03,0.026854000000000003,1007369.0,7947853.0,869247500.0,3220030000.0,0.009305949191685911,8.213820366494804,2013-09-30 00:00:00,2013-10-29 00:00:00,56.553250333345,0.595770842146739,-15.018798785088284,1.2761560087718935
sh601677,2014-03-14,7.76,7.85,7.73,7.82,-0.001277,707149.0,5500650.0,846515000.0,3135820000.0,0.006532554272517321,7.999014822452661,2013-09-30 00:00:00,2013-10-29 00:00:00,55.074285471298744,0.5801904089059778,-14.62603133949742,1.2427823320276237
sh601677,2014-03-13,7.83,7.89,7.76,7.83,0.003846,941749.0,7351143.0,847597500.0,3139830000.0,0.008699759815242495,8.00924262528515,2013-09-30 00:00:00,2013-10-29 00:00:00,55.14470525991565,0.5809322594012332,-14.644732663108208,1.2443713942981423
sh601677,2014-03-12,7.8,7.83,7.73,7.8,0.001284,588440.0,4571243.0,844350000.0,3127800000.0,0.005435935334872979,7.978557094698938,2013-09-30 00:00:00,2013-10-29 00:00:00,54.93343128320047,0.57870655399457,-14.588624812080946,1.2396038777841845
sh601677,2014-03-11,7.76,7.87,7.73,7.79,-0.002561,416162.0,3243434.0,843267500.0,3123790000.0,0.0038444526558891455,7.9683257644174255,2013-09-30 00:00:00,2013-10-29 00:00:00,54.86298720762587,0.5779644476437954,-14.569917038603379,1.2380142674647596
sh601677,2014-03-10,8.01,8.01,7.8,7.81,-0.026185000000000003,880258.0,6910208.0,845432500.0,3131810000.0,0.00813171362586605,7.988785042912324,2013-09-30 00:00:00,2013-10-29 00:00:00,55.00385207278428,0.5794484150346993,-14.607326401517666,1.2411929626420861
sh601677,2014-03-07,8.03,8.12,7.99,8.02,0.001248,556150.0,4469365.0,868165000.0,3216020000.0,0.005137644341801386,8.203596209662333,2013-09-30 00:00:00,2013-10-29 00:00:00,56.4828556479252,0.5950292561058305,-15.000104128112286,1.2745675129691842
sh601677,2014-03-06,8.0,8.07,7.93,8.01,-0.006203,625781.0,5005152.0,867082500.0,3212010000.0,0.005780886836027714,8.193370882800599,2013-09-30 00:00:00,2013-10-29 00:00:00,56.41245290669764,0.5942875851995015,-14.981407331762247,1.2729788353826266
sh601677,2014-03-05,8.05,8.12,8.02,8.06,0.004988,1039968.0,8395810.0,872495000.0,3232060000.0,0.009607094688221709,8.24451158818209,2013-09-30 00:00:00,2013-10-29 00:00:00,56.764563494051245,0.5979969603445187,-15.07491704217486,1.2809244094947225
sh601677,2014-03-04,8.01,8.05,7.94,8.02,-0.004963,886999.0,7091588.0,868165000.0,3216020000.0,0.008193986143187067,8.203592070932281,2013-09-30 00:00:00,2013-10-29 00:00:00,56.48282715221599,0.5950289559124274,-15.000096560530931,1.2745668699474249
sh601677,2014-03-03,7.92,8.1,7.87,8.06,0.012563,772063.0,6194083.0,872495000.0,3232060000.0,0.007132221709006928,8.244509571937808,2013-09-30 00:00:00,2013-10-29 00:00:00,56.764549611940055,0.5979968141008098,-15.074913355514349,1.2809240962370494
sh601677,2014-02-28,7.82,8.0,7.74,7.96,0.017903,1298206.0,10179335.0,861670000.0,3191960000.0,0.011992665127020786,8.142218876196154,2013-09-30 00:00:00,2013-10-29 00:00:00,56.06026450891456,0.5905773903458943,-14.887876957299792,1.2650315054342784
sh601677,2014-02-27,8.01,8.02,7.81,7.82,-0.007614,990172.0,7867381.0,846515000.0,3135820000.0,0.00914708545034642,7.99901255443412,2013-09-30 00:00:00,2013-10-29 00:00:00,55.07426985568817,0.5801902444003941,-14.62602719247295,1.2427819796525588
sh601677,2014-02-26,7.86,7.91,7.78,7.88,0.012853,883240.0,6927177.0,853010000.0,3159880000.0,0.008159260969976906,8.060384320651561,2013-09-30 00:00:00,2013-10-29 00:00:00,55.49682266344767,0.5846417063525625,-14.738244183687547,1.2523171222211507
sh601677,2014-02-25,8.29,8.31,7.76,7.78,-0.062651,2198886.0,17599735.0,842185000.0,3119780000.0,0.020313034642032334,7.958098875800892,2013-09-30 00:00:00,2013-10-29 00:00:00,54.79257371350795,0.5772226634591224,-14.551217386617353,1.2364253472331628
sh601677,2014-02-24,8.33,8.38,8.18,8.3,-0.010727,2624702.0,21604960.0,898475000.0,3328300000.0,0.024246669745958432,8.490006257862218,2013-09-30 00:00:00,2013-10-29 00:00:00,58.45482708522434,0.6158033597508744,-15.52379891226998,1.3190661613050878
sh601677,2014-02-21,8.25,8.4,8.12,8.39,0.012062999999999999,2496225.0,20727218.0,908217500.0,3364390000.0,0.023059815242494227,8.582066080709994,2013-09-30 00:00:00,2013-10-29 00:00:00,59.0886712618502,0.6224807103305906,-15.692128373330696,1.3333692128513441
sh601677,2014-02-20,8.42,8.63,8.28,8.29,-0.011918999999999999,4249596.0,35861217.0,897392500.0,3324290000.0,0.039257237875288675,8.479774560190418,2013-09-30 00:00:00,2013-10-29 00:00:00,58.384380480118544,0.615061226752278,-15.505090467026955,1.317476493905364
sh601677,2014-02-19,8.33,8.41,8.28,8.39,0.007203,1550068.0,12950004.0,908217500.0,3364390000.0,0.014319334872979214,8.582064183189859,2013-09-30 00:00:00,2013-10-29 00:00:00,59.08865819717061,0.6224805726982686,-15.692124903754806,1.3333689180394763
sh601677,2014-02-18,8.36,8.41,8.26,8.33,-0.007151,1427984.0,11880011.0,901722500.0,3340330000.0,0.013191538106235566,8.520689655600567,2013-09-30 00:00:00,2013-10-29 00:00:00,58.6660863769971,0.6180289104562522,-15.579902863429522,1.3238333464450327
sh601677,2014-02-17,8.35,8.41,8.32,8.39,0.008413,1714139.0,14362649.0,908217500.0,3364390000.0,0.015835002309468823,8.582059966420438,2013-09-30 00:00:00,2013-10-29 00:00:00,59.08862916414993,0.6224802668444569,-15.692117193480097,1.3333682628929802
sh601677,2014-02-14,8.26,8.34,8.22,8.32,0.014634000000000001,1156956.0,9589953.0,900640000.0,3336320000.0,0.010687815242494226,8.510461454206201,2013-09-30 00:00:00,2013-10-29 00:00:00,58.595663844228426,0.6172870310522145,-15.561200811056674,1.3222442222511808
sh601677,2014-02-13,8.35,8.42,8.18,8.2,-0.021480000000000003,1714445.0,14262906.0,887650000.0,3288200000.0,0.015837829099307157,8.387715623767981,2013-09-30 00:00:00,2013-10-29 00:00:00,57.75054240664952,0.6083839404674144,-15.33676262677643,1.303173580080286
sh601677,2014-02-12,8.45,8.47,8.27,8.38,-0.007109000000000001,2474678.0,20662165.0,907135000.0,3360380000.0,0.022860766743648963,8.571838719462026,2013-09-30 00:00:00,2013-10-29 00:00:00,59.01825451360169,0.6217388918646675,-15.673427857147969,1.3317802191884542
sh601677,2014-02-11,8.25,8.49,8.14,8.44,0.021792,3316847.0,27669925.0,913630000.0,3384440000.0,0.030640618937644342,8.633212225170764,2013-09-30 00:00:00,2013-10-29 00:00:00,59.440819297991105,0.6261904799868943,-15.78564802898603,1.3413156320164592
sh601677,2014-02-10,8.11,8.27,8.09,8.26,0.018496000000000002,2122351.0,17387916.0,894145000.0,3312260000.0,0.01960601385681293,8.449089663229664,2013-09-30 00:00:00,2013-10-29 00:00:00,58.17311086599925,0.6128355673042011,-15.448983774570587,1.3127090758358444
sh601677,2014-02-07,7.99,8.12,7.96,8.11,0.018844,953802.0,7709284.0,877907500.0,3252110000.0,0.008811103926096997,8.295653260523029,2013-09-30 00:00:00,2013-10-29 00:00:00,57.11668073904978,0.6017064056257473,-15.168428520652595,1.2888701338403334
sh601677,2014-01-30,7.99,8.01,7.95,7.96,-0.001255,481658.0,3840980.0,861670000.0,3191960000.0,0.004449496535796767,8.14222124341217,2013-09-30 00:00:00,2013-10-29 00:00:00,56.060280807513,0.5905775620465422,-14.887881285704774,1.2650318732213501
sh601677,2014-01-29,7.96,8.01,7.93,7.97,0.005044,694857.0,5539230.0,862752500.0,3195970000.0,0.006419002309468822,8.152452571389263,2013-09-30 00:00:00,2013-10-29 00:00:00,56.13072486722136,0.591319668230171,-14.906589054968759,1.2666214831827445
sh601677,2014-01-28,7.97,8.02,7.89,7.93,-0.0037689999999999998,475252.0,3776369.0,858422500.0,3179930000.0,0.00439031870669746,8.111537973849167,2013-09-30 00:00:00,2013-10-29 00:00:00,55.84902239824462,0.5883520206380727,-14.831777568911173,1.2602647079956149
sh601677,2014-01-27,7.9,8.0,7.86,7.96,0.0,592796.0,4714816.0,861670000.0,3191960000.0,0.005476175519630485,8.142226023732615,2013-09-30 00:00:00,2013-10-29 00:00:00,56.06031372065778,0.5905779087762504,-14.887890026420754,1.2650326159250362
sh601677,2014-01-24,7.9,8.03,7.88,7.96,0.005051,957144.0,7636211.0,861670000.0,3191960000.0,0.008841976905311778,8.142226023732615,2013-09-30 00:00:00,2013-10-29 00:00:00,56.06031372065778,0.5905779087762504,-14.887890026420754,1.2650326159250362
sh601677,2014-01-23,7.89,7.99,7.84,7.92,0.005076,1402576.0,11089785.0,857340000.0,3175920000.0,0.012956822170900693,8.101306325482604,2013-09-30 00:00:00,2013-10-29 00:00:00,55.77857613261197,0.5876098912157198,-14.813069213821741,1.2586750482562938
sh601677,2014-01-22,7.76,7.89,7.76,7.88,0.023377000000000002,872854.0,6852371.0,853010000.0,3159880000.0,0.008063316397228638,8.060391776823447,2013-09-30 00:00:00,2013-10-29 00:00:00,55.49687400018701,0.5846422471690895,-14.738257817141928,1.2523182806636453
sh601677,2014-01-21,7.68,7.75,7.62,7.7,0.010499,300883.0,2314447.0,833525000.0,3087700000.0,0.0027795196304849883,7.876268253853123,2013-09-30 00:00:00,2013-10-29 00:00:00,54.22915895138059,0.57128726478032,-14.401591805504646,1.2237115751708756
sh601677,2014-01-20,7.75,7.75,7.61,7.62,-0.007812999999999999,513073.0,3921989.0,824865000.0,3055620000.0,0.004739704387990762,7.7944344861826895,2013-09-30 00:00:00,2013-10-29 00:00:00,53.66572253053253,0.5653516379336545,-14.251960472503828,1.210997314367333
sh601677,2014-01-17,7.81,7.86,7.64,7.68,-0.021656,674969.0,5212768.0,831360000.0,3079680000.0,0.0062352794457274825,7.8558119449082575,2013-09-30 00:00:00,2013-10-29 00:00:00,54.08831453197081,0.5698035127789968,-14.364187872350502,1.2205333413634052
sh601677,2014-01-16,7.75,7.92,7.72,7.85,0.008997,870896.0,6811781.0,849762500.0,3147850000.0,0.008045228637413394,8.02970319735007,2013-09-30 00:00:00,2013-10-29 00:00:00,55.285579031476466,0.5824163206183068,-14.68214439128824,1.2475502904534654
sh601677,2014-01-15,7.77,7.83,7.71,7.78,-0.001284,734732.0,5713165.0,842185000.0,3119780000.0,0.006787362586605081,7.958104134452403,2013-09-30 00:00:00,2013-10-29 00:00:00,54.792609920025996,0.5772230448834901,-14.551227001951682,1.2364261642536751
sh601677,2014-01-14,7.85,7.86,7.63,7.79,-0.008906,969497.0,7489329.0,843267500.0,3123790000.0,0.008956092378752887,7.968335477205134,2013-09-30 00:00:00,2013-10-29 00:00:00,54.86305408146659,0.5779651521388363,-14.56993479823261,1.2380157765107147
sh601677,2014-01-13,7.71,8.04,7.71,7.86,0.019455,1223291.0,9715176.0,850845000.0,3151860000.0,0.011300609699769053,8.039939175502155,2013-09-30 00:00:00,2013-10-29 00:00:00,55.35605510826077,0.5831587640918382,-14.700860663299961,1.2491406228982467
sh601677,2014-01-10,7.78,7.93,7.69,7.71,-0.017834,705622.0,5498922.0,834607500.0,3091710000.0,0.006518448036951501,7.886507178347406,2013-09-30 00:00:00,2013-10-29 00:00:00,54.29965531412447,0.5720299219601044,-14.420313464841469,1.2253023653797828
sh601677,2014-01-09,7.76,7.92,7.76,7.85,0.006409999999999999,817180.0,6418649.0,849762500.0,3147850000.0,0.007549006928406467,8.029709008810533,2013-09-30 00:00:00,2013-10-29 00:00:00,55.28561904415798,0.5824167421394187,-14.682155017422176,1.2475511933622043
sh601677,2014-01-08,7.85,7.97,7.78,7.8,-0.006369,741456.0,5834971.0,844350000.0,3127800000.0,0.006849478060046189,7.978566398198082,2013-09-30 00:00:00,2013-10-29 00:00:00,54.93349533903477,0.5787072288027929,-14.588641823334601,1.2396053232402344
sh601677,2014-01-07,7.68,7.9,7.67,7.85,0.011598,537653.0,4212702.0,849762500.0,3147850000.0,0.004966771362586605,8.029707605940317,2013-09-30 00:00:00,2013-10-29 00:00:00,55.28560938520916,0.5824166403854075,-14.68215245230332,1.2475509754025733
sh601677,2014-01-06,7.98,8.07,7.74,7.76,-0.03,960639.0,7603893.0,840020000.0,3111760000.0,0.008874263279445727,7.937646778602089,2013-09-30 00:00:00,2013-10-29 00:00:00,54.65175829253238,0.5757392169472533,-14.513821154552817,1.233247767791725
sh601677,2014-01-03,8.07,8.07,7.95,8.0,-0.011125,707082.0,5651503.0,866000000.0,3208000000.0,0.006531935334872979,8.183141008868134,2013-09-30 00:00:00,2013-10-29 00:00:00,56.3420188582808,0.5935455844817045,-14.962702221188472,1.2713894513316755
sh601677,2014-01-02,8.08,8.11,7.95,8.09,0.0012380000000000002,1081361.0,8690255.0,875742500.0,3244090000.0,0.00998947806004619,8.275202638218314,2013-09-30 00:00:00,2013-10-29 00:00:00,56.975875472917004,0.6002230660919777,-15.131034985401058,1.2856927835486542
sh601677,2013-12-31,7.99,8.14,7.98,8.08,0.007481,1341782.0,10856759.0,874660000.0,3240080000.0,0.012395214780600463,8.264970604609806,2013-09-30 00:00:00,2013-10-29 00:00:00,56.90542655484211,0.5994809087269737,-15.112325925904788,1.2841030639554771
sh601677,2013-12-30,7.99,8.03,7.96,8.02,0.005013,889186.0,7113973.0,868165000.0,3216020000.0,0.008214189376443418,8.203599476922944,2013-09-30 00:00:00,2013-10-29 00:00:00,56.482878143450954,0.5950294930891736,-15.000110102230007,1.274568020593418
sh601677,2013-12-27,7.8,7.99,7.79,7.98,0.028350999999999998,1146968.0,9089428.0,863835000.0,3199980000.0,0.010595547344110855,8.162679962272076,2013-09-30 00:00:00,2013-10-29 00:00:00,56.20114181950975,0.5920614888455906,-14.925289625338186,1.2682104814499096
sh601677,2013-12-26,7.96,7.96,7.7,7.76,-0.021438,930692.0,7268405.0,840020000.0,3111760000.0,0.00859761662817552,7.937639932544506,2013-09-30 00:00:00,2013-10-29 00:00:00,54.651711156511496,0.5757387203839843,-14.513808636679679,1.2332467041408133
sh601677,2013-12-25,7.86,7.94,7.75,7.93,0.012771,790513.0,6243590.0,858422500.0,3179930000.0,0.0073026605080831405,8.11153502030991,2013-09-30 00:00:00,2013-10-29 00:00:00,55.84900206273235,0.5883518064097976,-14.831772168426406,1.2602642491133043
sh601677,2013-12-24,7.76,7.9,7.76,7.83,0.007722,889157.0,6969835.0,847597500.0,3139830000.0,0.008213921478060045,8.009248902575122,2013-09-30 00:00:00,2013-10-29 00:00:00,55.1447484798956,0.5809327147102331,-14.644744141001672,1.2443723695813804
sh601677,2013-12-23,7.77,7.85,7.62,7.77,0.0,934540.0,7246307.0,841102500.0,3115770000.0,0.008633163972286374,7.947875408669377,2013-09-30 00:00:00,2013-10-29 00:00:00,54.722183776771374,0.5764811274441097,-14.532523990745137,1.2348369585871704
sh601677,2013-12-20,7.93,7.95,7.75,7.77,-0.018938999999999998,833133.0,6530000.0,841102500.0,3115770000.0,0.0076963787528868365,7.947875408669377,2013-09-30 00:00:00,2013-10-29 00:00:00,54.722183776771374,0.5764811274441097,-14.532523990745137,1.2348369585871704
sh601677,2013-12-19,7.96,8.01,7.88,7.92,-0.002519,790660.0,6304161.0,857340000.0,3175920000.0,0.007304018475750578,8.10130604383354,2013-09-30 00:00:00,2013-10-29 00:00:00,55.77857419342057,0.5876098707869436,-14.813068698832323,1.2586750044973456
sh601677,2013-12-18,7.9,7.96,7.83,7.94,0.007614,871285.0,6894738.0,859505000.0,3183940000.0,0.008048822170900694,8.121764769287376,2013-09-30 00:00:00,2013-10-29 00:00:00,55.91943525081737,0.5890937980642674,-14.850477050522588,1.2618536137503826
sh601677,2013-12-17,7.83,7.94,7.83,7.88,-0.002532,933933.0,7359034.0,853010000.0,3159880000.0,0.008627556581986143,8.060392937461543,2013-09-30 00:00:00,2013-10-29 00:00:00,55.49688199133534,0.5846423313533431,-14.73825993934442,1.2523184609884168
sh601677,2013-12-16,8.02,8.07,7.89,7.9,-0.018634,1311413.0,10457703.0,855175000.0,3167900000.0,0.01211466974595843,8.080853658925944,2013-09-30 00:00:00,2013-10-29 00:00:00,55.63775679153151,0.5861264034067691,-14.77567194069827,1.2554973803554772
sh601677,2013-12-13,8.0,8.1,7.99,8.05,0.0,985048.0,7938895.0,871412500.0,3228050000.0,0.009099750577367206,8.234291445725594,2013-09-30 00:00:00,2013-10-29 00:00:00,56.69419644814626,0.5972556654772726,-15.056229725401398,1.279336537393263
sh601677,2013-12-12,7.98,8.08,7.98,8.05,0.004994,935669.0,7512878.0,871412500.0,3228050000.0,0.0086435935334873,8.234291445725594,2013-09-30 00:00:00,2013-10-29 00:00:00,56.69419644814626,0.5972556654772726,-15.056229725401398,1.279336537393263
sh601677,2013-12-11,8.16,8.16,7.98,8.01,-0.017178,1936978.0,15568732.0,867082500.0,3212010000.0,0.017893561200923787,8.193373737281611,2013-09-30 00:00:00,2013-10-29 00:00:00,56.412472560180724,0.594287792242812,-14.981412551121101,1.2729792788745635
sh601677,2013-12-10,8.14,8.2,8.09,8.15,0.00246,1344335.0,10955313.0,882237500.0,3268150000.0,0.012418799076212472,8.336579499931434,2013-09-30 00:00:00,2013-10-29 00:00:00,57.398463363844854,0.6046748976343753,-15.243261293622957,1.2952287177887387
sh601677,2013-12-09,8.14,8.16,8.1,8.13,0.0,1415875.0,11508603.0,880072500.0,3260130000.0,0.013079676674364897,8.31612184020453,2013-09-30 00:00:00,2013-10-29 00:00:00,57.257609644120315,0.6031910476571388,-15.2058548905921,1.292050274114417
sh601677,2013-12-06,8.11,8.19,8.08,8.13,0.003704,1268003.0,10296659.0,880072500.0,3260130000.0,0.011713653579676676,8.31612184020453,2013-09-30 00:00:00,2013-10-29 00:00:00,57.257609644120315,0.6031910476571388,-15.2058548905921,1.292050274114417
sh601677,2013-12-05,8.1,8.17,8.0,8.1,0.007462999999999999,1471175.0,11883860.0,876825000.0,3248100000.0,0.0135905311778291,8.28543259786205,2013-09-30 00:00:00,2013-10-29 00:00:00,57.04631011146745,0.6009650730266481,-15.149740252696116,1.2872821809163033
sh601677,2013-12-04,7.98,8.13,7.93,8.04,0.006258,2323806.0,18765845.0,870330000.0,3224040000.0,0.021467030023094684,8.224056464467727,2013-09-30 00:00:00,2013-10-29 00:00:00,56.6237272351118,0.5965132943112036,-15.03751527618991,1.2777463598328704
sh601677,2013-12-03,7.73,8.05,7.72,7.99,0.025674000000000002,2025530.0,16027435.0,864917500.0,3203990000.0,0.018711593533487298,8.17291039123935,2013-09-30 00:00:00,2013-10-29 00:00:00,56.27157968941544,0.5928035298215801,-14.943995750781518,1.2697999517349134
sh601677,2013-12-02,8.24,8.26,7.71,7.79,-0.074822,4616717.0,36852195.0,843267500.0,3123790000.0,0.042648655889145494,7.968331449602263,2013-09-30 00:00:00,2013-10-29 00:00:00,54.863026350882876,0.5779648600057915,-14.569927433844983,1.238015150754444
sh601677,2013-11-29,8.57,8.58,8.4,8.42,-0.017503,4379733.0,37012465.0,911465000.0,3376420000.0,0.0404594272517321,8.612755004552922,2013-09-30 00:00:00,2013-10-29 00:00:00,59.29996860159112,0.6247066618594382,-15.748242428856912,1.3381372565651621
sh601677,2013-11-28,8.37,8.64,8.37,8.57,0.022673,6646891.0,56876417.0,927702500.0,3436570000.0,0.06140315011547344,8.766189621498,2013-09-30 00:00:00,2013-10-29 00:00:00,60.35638643333378,0.6358356940117257,-16.028794417547246,1.361975921112393
sh601677,2013-11-27,8.35,8.49,8.34,8.38,0.0011949999999999999,2985928.0,25070186.0,907135000.0,3360380000.0,0.027583630484988457,8.571840286678148,2013-09-30 00:00:00,2013-10-29 00:00:00,59.01826530409405,0.6217390055391369,-15.673430722769885,1.3317804626820038
sh601677,2013-11-26,8.42,8.54,8.34,8.37,-0.002384,3078037.0,25929623.0,906052500.0,3356370000.0,0.028434521939953807,8.561609163727493,2013-09-30 00:00:00,2013-10-29 00:00:00,58.947822656020115,0.620996914226636,-15.654723328392459,1.3301908845749368
sh601677,2013-11-25,8.34,8.51,8.3,8.39,0.001193,3439437.0,28964429.0,908217500.0,3364390000.0,0.03177309006928406,8.582068815784323,2013-09-30 00:00:00,2013-10-29 00:00:00,59.08869009320232,0.622480908713008,-15.692133374356928,1.333369637791432
sh601677,2013-11-22,8.33,8.45,8.26,8.38,0.003593,3814214.0,31792624.0,907135000.0,3360380000.0,0.03523523325635104,8.571842607553512,2013-09-30 00:00:00,2013-10-29 00:00:00,59.018281283630934,0.6217391738785708,-15.67343496644196,1.3317808232692714
sh601677,2013-11-21,8.5,8.51,8.29,8.35,-0.030197,7053074.0,59134735.0,903887500.0,3348350000.0,0.06515541801385681,8.54115424036787,2013-09-30 00:00:00,2013-10-29 00:00:00,58.806987776549796,0.6195132627255977,-15.617321928751954,1.327012866041584
sh601677,2013-11-20,8.56,8.75,8.5,8.61,-0.00692,7058078.0,60689923.0,932032500.0,3452610000.0,0.06520164434180138,8.80710230878629,2013-09-30 00:00:00,2013-10-29 00:00:00,60.638075749971705,0.6388032030480395,-16.103602410749357,1.3683323995095749
sh601677,2013-11-19,8.7,8.85,8.51,8.67,-0.022548,10945574.0,94285711.0,938527500.0,3476670000.0,0.10111384757505773,8.868472135967183,2013-09-30 00:00:00,2013-10-29 00:00:00,61.06061520720556,0.643254524356587,-16.21581585647617,1.3778672408160215
sh601677,2013-11-18,9.0,9.35,8.7,8.87,0.043529000000000005,12286174.0,110880045.0,960177500.0,3556870000.0,0.11349814318706695,9.073051296602987,2013-09-30 00:00:00,2013-10-29 00:00:00,62.46917005357354,0.6580932100569512,-16.58988457384728,1.4096520758216482
sh601677,2013-11-15,8.19,8.5,8.19,8.5,0.099612,2263549.0,19173240.0,920125000.0,3408500000.0,0.020910383371824482,8.694584718395932,2013-09-30 00:00:00,2013-10-29 00:00:00,59.86337711129595,0.6306419946709207,-15.897866349519065,1.3508508875380065
sh601677,2013-11-14,7.58,7.74,7.5,7.73,0.015769,1243059.0,9417787.0,836772500.0,3099730000.0,0.01148322401847575,7.906956925166268,2013-09-30 00:00:00,2013-10-29 00:00:00,54.44045455242026,0.5735131979924926,-14.457705399285445,1.2284795796499188
sh601677,2013-11-13,7.7,7.71,7.6,7.61,-0.01933,675514.0,5161892.0,823782500.0,3051610000.0,0.006240314087759815,7.784207753107517,2013-09-30 00:00:00,2013-10-29 00:00:00,53.59531010733765,0.5646098650308216,-14.233261104921931,1.209408418301719
sh601677,2013-11-12,7.65,7.78,7.61,7.76,0.007792,785490.0,6039185.0,840020000.0,3111760000.0,0.007256258660508083,7.937642380319084,2013-09-30 00:00:00,2013-10-29 00:00:00,54.651728009766444,0.5757388979277653,-14.51381311238432,1.233247084444022
sh601677,2013-11-11,7.66,7.73,7.6,7.7,0.014493,558532.0,4287989.0,833525000.0,3087700000.0,0.00515964896073903,7.8762704807332105,2013-09-30 00:00:00,2013-10-29 00:00:00,54.22917428374748,0.5712874263020199,-14.401595877308333,1.223711921154387
sh601677,2013-11-08,7.92,7.92,7.52,7.59,-0.039241000000000005,1331135.0,10250008.0,821617500.0,3043590000.0,0.012296859122401848,7.763750445526199,2013-09-30 00:00:00,2013-10-29 00:00:00,53.454458812182516,0.563126040595667,-14.195855345781915,1.2062300293391743
sh601677,2013-11-07,8.06,8.07,7.88,7.9,-0.022277,544861.0,4349070.0,855175000.0,3167900000.0,0.005033357967667436,8.080851124502814,2013-09-30 00:00:00,2013-10-29 00:00:00,55.637739341689766,0.5861262195781325,-14.775667306558582,1.2554969865899508
sh601677,2013-11-06,8.07,8.23,8.07,8.08,-0.0024690000000000003,885662.0,7206601.0,874660000.0,3240080000.0,0.008181635103926096,8.26496985803015,2013-09-30 00:00:00,2013-10-29 00:00:00,56.90542141454151,0.599480854575511,-15.112324560799511,1.2841029479616932
sh601677,2013-11-05,8.04,8.11,7.93,8.1,0.007462999999999999,507155.0,4073666.0,876825000.0,3248100000.0,0.004685034642032333,8.285426576246905,2013-09-30 00:00:00,2013-10-29 00:00:00,57.0462686518429,0.600964636262443,-15.149729242298745,1.2872812453564784
sh601677,2013-11-04,7.99,8.04,7.93,8.04,0.013871000000000001,479084.0,3833527.0,870330000.0,3224040000.0,0.004425718244803694,8.224050487458998,2013-09-30 00:00:00,2013-10-29 00:00:00,56.6236860826084,0.5965128607824238,-15.03750434735444,1.2777454312034073
sh601677,2013-11-01,7.9,8.03,7.9,7.93,-0.0037689999999999998,645833.0,5125608.0,858422500.0,3179930000.0,0.005966124711316397,8.111535380200241,2013-09-30 00:00:00,2013-10-29 00:00:00,55.84900454062539,0.5883518325136273,-14.831772826478359,1.260264305028359
sh601677,2013-10-31,7.95,8.09,7.89,7.96,0.0,1092350.0,8733788.0,861670000.0,3191960000.0,0.010090993071593533,8.142223420271243,2013-09-30 00:00:00,2013-10-29 00:00:00,56.06029579547855,0.5905777199400816,-14.887885266046089,1.265032211433251
sh601677,2013-10-30,7.83,8.0,7.8,7.96,0.020513,766694.0,6068509.0,861670000.0,3191960000.0,0.007082623556581986,8.142223420271243,2013-09-30 00:00:00,2013-10-29 00:00:00,56.06029579547855,0.5905777199400816,-14.887885266046089,1.265032211433251
sh601677,2013-10-29,8.21,8.3,7.68,7.8,-0.045288,1863935.0,14807919.0,844350000.0,3127800000.0,0.01721879907621247,7.978559234690047,2013-09-30 00:00:00,2013-10-29 00:00:00,54.93344601732516,0.5787067092139753,-14.58862872500996,1.2396042102680231
sh601677,2013-10-28,8.2,8.27,8.07,8.17,-0.0036590000000000004,901302.0,7352702.0,884402500.0,3276170000.0,0.008326115473441108,8.357032523619738,2013-06-30 00:00:00,2013-08-27 00:00:00,79.57985329379468,0.620728905537142,145.2493610182431,1.3104836235870994
sh601677,2013-10-25,8.47,8.47,8.11,8.2,-0.026128,1453906.0,12066867.0,887650000.0,3288200000.0,0.01343100230946882,8.38772320281885,2013-06-30 00:00:00,2013-08-27 00:00:00,79.87210532718684,0.6230084936152802,145.78278021103523,1.3152962927221696
sh601677,2013-10-24,8.44,8.52,8.41,8.42,-0.014052,948000.0,8015340.0,911465000.0,3376420000.0,0.008757505773672056,8.61275732623882,2013-06-30 00:00:00,2013-08-27 00:00:00,82.0149930660157,0.6397231808854554,149.693984641755,1.350584360903866
sh601677,2013-10-23,8.68,8.74,8.41,8.54,-0.016128999999999998,1945627.0,16680485.0,924455000.0,3424540000.0,0.01797345958429561,8.735508694412706,2013-06-30 00:00:00,2013-08-27 00:00:00,83.18389313231094,0.6488406902650601,151.82746416824725,1.3698332578430767
sh601677,2013-10-22,8.79,8.82,8.64,8.68,-0.016988,2551148.0,22180946.0,939610000.0,3480680000.0,0.023567187066974596,8.878713463871488,2013-06-30 00:00:00,2013-08-27 00:00:00,84.54756073947797,0.6594774012701462,154.31643393112228,1.392289495109701
sh601677,2013-10-21,8.78,8.98,8.65,8.83,-0.00451,2954468.0,25945083.0,955847500.0,3540830000.0,0.027293006928406468,9.032151656207134,2013-06-30 00:00:00,2013-08-27 00:00:00,86.00867612956706,0.6708742123902315,156.98326564794968,1.4163504566675698
sh601677,2013-10-18,8.56,9.09,8.45,8.87,0.023068,5760557.0,50810934.0,960177500.0,3556870000.0,0.05321530715935334,9.073071207352294,2013-06-30 00:00:00,2013-08-27 00:00:00,86.39833260963653,0.6739135625573652,157.69446769726434,1.4227671364529728
sh601677,2013-10-17,8.7,8.96,8.64,8.67,-0.008009,4626375.0,40586720.0,938527500.0,3476670000.0,0.0427378752886836,8.868492815093711,2013-06-30 00:00:00,2013-08-27 00:00:00,84.45023459793146,0.6587182499671236,154.13879399733383,1.3906867739514606
sh601677,2013-10-16,8.6,8.77,8.3,8.74,0.013921000000000001,4185511.0,35743905.0,946105000.0,3504740000.0,0.038665228637413396,8.940094028165287,2013-06-30 00:00:00,2013-08-27 00:00:00,85.13205724440186,0.6640365184433362,155.3832585147787,1.4019147088546775
sh601677,2013-10-15,8.52,8.64,8.4,8.62,0.016509,3931817.0,33475756.0,933115000.0,3456620000.0,0.036321635103926095,8.817347730410246,2013-06-30 00:00:00,2013-08-27 00:00:00,83.96320546117683,0.6549193856753498,153.2498671146753,1.3826666070183748
sh601677,2013-10-14,8.34,8.53,8.23,8.48,0.015569,4166635.0,35025401.0,917960000.0,3400480000.0,0.038490854503464206,8.674146249969498,2013-06-30 00:00:00,2013-08-27 00:00:00,82.5995691736884,0.6442829189661378,150.76095451656138,1.3602108855094985
sh601677,2013-10-11,8.17,8.45,8.13,8.35,0.018293,3391201.0,28243950.0,903887500.0,3348350000.0,0.03132749191685912,8.541168793030801,2013-06-30 00:00:00,2013-08-27 00:00:00,81.33329116356289,0.6344058542217592,148.44974050661392,1.339358414356384
sh601677,2013-10-10,8.08,8.37,8.05,8.2,0.013597,3103901.0,25519702.0,887650000.0,3288200000.0,0.02867345034642032,8.387732011347227,2013-06-30 00:00:00,2013-08-27 00:00:00,79.87218920641004,0.6230091478795978,145.7829333076177,1.315297674005796
sh601677,2013-10-09,8.05,8.09,8.0,8.09,0.0,1357513.0,10923630.0,875742500.0,3244090000.0,0.012540535796766743,8.275213927574004,2013-06-30 00:00:00,2013-08-27 00:00:00,78.80073560439705,0.6146517283295015,143.8273133282929,1.297653479643089
sh601677,2013-10-08,8.07,8.1,7.99,8.09,0.0049689999999999995,1624681.0,13053934.0,875742500.0,3244090000.0,0.015008600461893765,8.275213927574004,2013-06-30 00:00:00,2013-08-27 00:00:00,78.80073560439705,0.6146517283295015,143.8273133282929,1.297653479643089
sh601677,2013-09-30,8.29,8.3,8.0,8.05,-0.021871,2959371.0,24040283.0,871412500.0,3228050000.0,0.027338300230946886,8.234297702291318,2013-06-30 00:00:00,2013-08-27 00:00:00,78.41111079485741,0.6116126251949081,143.11616908411395,1.2912373213930868
sh601677,2013-09-27,7.88,8.48,7.85,8.23,0.041772000000000004,4168883.0,34430897.0,890897500.0,3300230000.0,0.038511621247113166,8.418416898273456,2013-06-30 00:00:00,2013-08-27 00:00:00,80.16438608287598,0.6252883057295183,146.31625182784063,1.3201094348425275
sh601677,2013-09-26,8.25,8.25,7.84,7.9,-0.02829,1811298.0,14597654.0,855175000.0,3167900000.0,0.016732545034642034,8.080863085467316,2013-06-30 00:00:00,2013-08-27 00:00:00,76.9500294525827,0.6002160796503634,140.4493995114484,1.2671769205186236
sh601677,2013-09-25,8.05,8.39,8.03,8.13,0.008685,2847601.0,23414879.0,880072500.0,3260130000.0,0.02630578290993072,8.316126298450481,2013-06-30 00:00:00,2013-08-27 00:00:00,79.19032371034847,0.6176905451733166,144.53839058098447,1.30406903347565
sh601677,2013-09-24,8.07,8.14,8.02,8.06,-0.007389,989793.0,7979424.0,872495000.0,3232060000.0,0.009143584295612009,8.24452261950012,2013-06-30 00:00:00,2013-08-27 00:00:00,78.50847758254406,0.6123720935409136,143.29388320534602,1.2928407118928602
sh601677,2013-09-23,7.97,8.12,7.94,8.12,0.017544,985303.0,7949009.0,878990000.0,3256120000.0,0.009102106235565819,8.305894876744386,2013-06-30 00:00:00,2013-08-27 00:00:00,79.09289498357771,0.6169305936977462,144.36056340837047,1.302464622992149
sh601677,2013-09-18,7.93,7.99,7.86,7.98,0.006305,675871.0,5366054.0,863835000.0,3199980000.0,0.006243612009237875,8.162688666774493,2013-06-30 00:00:00,2013-08-27 00:00:00,77.72921365914172,0.6062937756969194,141.87156860869942,1.2800081598359865
sh601677,2013-09-17,8.07,8.12,7.92,7.93,-0.014907,1040583.0,8330403.0,858422500.0,3179930000.0,0.00961277598152425,8.111545373196488,2013-06-30 00:00:00,2013-08-27 00:00:00,77.24220157819121,0.6024950444417143,140.98267285634017,1.2719882737698671
sh601677,2013-09-16,8.11,8.14,8.04,8.05,-0.008621,1082580.0,8748514.0,871412500.0,3228050000.0,0.010000739030023097,8.234293993761492,2013-06-30 00:00:00,2013-08-27 00:00:00,78.41107548037719,0.6116123497392777,143.1161046280302,1.2912367398508233
sh601677,2013-09-13,8.21,8.28,8.07,8.12,-0.010962000000000001,1724811.0,14021357.0,878990000.0,3256120000.0,0.01593358891454965,8.305899150336543,2013-06-30 00:00:00,2013-08-27 00:00:00,79.09293567886468,0.6169309111240784,144.36063768551705,1.3024652931430094
sh601677,2013-09-12,8.23,8.25,8.12,8.21,-0.012034,2089397.0,17129472.0,888732500.0,3292210000.0,0.019301588914549656,8.397957561121558,2013-06-30 00:00:00,2013-08-27 00:00:00,79.96956201770274,0.6237686632101885,145.96065842315164,1.3169011636994832
sh601677,2013-09-11,8.24,8.59,8.2,8.31,0.006053,4139956.0,34843282.0,899557500.0,3332310000.0,0.038244397228637414,8.500249564379297,2013-06-30 00:00:00,2013-08-27 00:00:00,80.94363775443968,0.6313665280082398,147.73854406239857,1.3329417851418808
sh601677,2013-09-10,8.27,8.29,8.1,8.26,-0.003619,2835971.0,23250820.0,894145000.0,3312260000.0,0.026198346420323326,8.449107118988062,2013-06-30 00:00:00,2013-08-27 00:00:00,80.4566337503488,0.6275678597531538,146.8496630519451,1.32492203208169
sh601677,2013-09-09,8.05,8.4,8.05,8.29,0.029814,3320267.0,27365933.0,897392500.0,3324290000.0,0.030672212471131634,8.479795498898575,2013-06-30 00:00:00,2013-08-27 00:00:00,80.74886388876224,0.6298472770487934,147.38304228196358,1.3297343406605406
sh601677,2013-09-06,8.05,8.12,7.98,8.05,-0.003713,1634642.0,13161675.0,871412500.0,3228050000.0,0.015100618937644344,8.234298134321902,2013-06-30 00:00:00,2013-08-27 00:00:00,78.41111490886922,0.611612657284513,143.1161765930193,1.2912373891406999
sh601677,2013-09-05,8.18,8.19,8.06,8.08,-0.020606,1862709.0,15097864.0,874660000.0,3240080000.0,0.017207473441108546,8.264986027441793,2013-06-30 00:00:00,2013-08-27 00:00:00,78.70334041181829,0.6138920384231782,143.64954736237578,1.2960496213849018
sh601677,2013-09-04,8.08,8.28,8.01,8.25,0.017263,3473854.0,28374535.0,893062500.0,3308250000.0,0.032091030023094685,8.438877537989608,2013-06-30 00:00:00,2013-08-27 00:00:00,80.35922255171903,0.6268080449984156,146.6718678717409,1.323317910243377
sh601677,2013-09-03,8.11,8.32,8.07,8.11,0.029188,5397413.0,44186758.0,877907500.0,3252110000.0,0.049860628175519624,8.295669397185986,2013-06-30 00:00:00,2013-08-27 00:00:00,78.9955228409163,0.6161710835825304,144.1828395132241,1.300861144309168
sh601677,2013-09-02,7.74,7.9,7.74,7.88,0.015463999999999999,970738.0,7606266.0,853010000.0,3159880000.0,0.008967556581986143,8.06040237273072,2013-06-30 00:00:00,2013-08-27 00:00:00,76.7551922884024,0.5986963349577826,140.0937821984167,1.263968433667287
sh601677,2013-08-30,7.9,7.96,7.7,7.76,-0.017721999999999998,1476056.0,11580238.0,840020000.0,3111760000.0,0.013635621247113164,7.937654483793341,2013-06-30 00:00:00,2013-08-27 00:00:00,75.58632535314142,0.5895790840027638,137.9603631427768,1.2447200823143776
sh601677,2013-08-29,8.0,8.01,7.86,7.9,-0.013733,1989979.0,15746049.0,855175000.0,3167900000.0,0.018383177829099307,8.080863547583618,2013-06-30 00:00:00,2013-08-27 00:00:00,76.9500338530858,0.6002161139746222,140.44940754325845,1.2671769929840406
sh601677,2013-08-28,7.8,8.13,7.76,8.01,0.013924,3121401.0,24905935.0,867082500.0,3212010000.0,0.028835113163972286,8.193383280170195,2013-06-30 00:00:00,2013-08-27 00:00:00,78.02150315592614,0.6085736559923652,142.4050561797753,1.2848214459005936
sh601677,2013-08-27,7.72,7.91,7.72,7.9,0.006369,1691490.0,13250594.0,855175000.0,3167900000.0,0.015625773672055428,8.080865311571868,2013-06-30 00:00:00,2013-08-27 00:00:00,76.95005065066626,0.6002162449970266,140.4494382022472,1.2671772695987011
sh601677,2013-08-26,7.63,7.92,7.6,7.85,0.028834,2083672.0,16272466.0,849762500.0,3147850000.0,0.01924870207852194,8.029723999419563,2013-03-31 00:00:00,2013-04-23 00:00:00,55.02127070459988,0.6094353984674047,39.849814649062026,1.2676092672606407
sh601677,2013-08-23,7.75,7.86,7.55,7.63,-0.010376,1662462.0,12837699.0,825947500.0,3059630000.0,0.01535761662817552,7.804683748223294,2013-03-31 00:00:00,2013-04-23 00:00:00,53.479250009816816,0.592355422223026,38.73298768223253,1.23208337521956
sh601677,2013-08-22,7.68,7.75,7.63,7.71,-0.007722,1115156.0,8571953.0,834607500.0,3091710000.0,0.010301672055427251,7.8865142197676015,2013-03-31 00:00:00,2013-04-23 00:00:00,54.03996872531065,0.5985661445387602,39.13909493123907,1.2450015108966235
sh601677,2013-08-21,7.78,7.78,7.62,7.77,0.006476999999999999,982587.0,7568219.0,841102500.0,3115770000.0,0.009077016166281756,7.947887809432036,2013-03-31 00:00:00,2013-04-23 00:00:00,54.460512805192344,0.6032242421365386,39.443679020636424,1.254690228843755
sh601677,2013-08-20,7.67,7.88,7.58,7.72,0.006519,1530171.0,11835456.0,835690000.0,3095720000.0,0.014135528868360277,7.896740620433488,2013-03-31 00:00:00,2013-04-23 00:00:00,54.110042062751894,0.5993423020461853,39.189846385596915,1.246615897674517
sh601677,2013-08-19,7.37,7.7,7.37,7.67,0.01455,1138227.0,8630096.0,830277500.0,3075670000.0,0.01051479907621247,7.845595185419737,2013-03-31 00:00:00,2013-04-23 00:00:00,53.759583338965186,0.595460495078767,38.93602245521139,1.2385418433974094
sh601677,2013-08-16,7.74,7.95,7.53,7.56,-0.024516,2485887.0,19147384.0,818370000.0,3031560000.0,0.022964314087759816,7.733078887605083,2013-03-31 00:00:00,2013-04-23 00:00:00,52.98859922030968,0.5869207974754984,38.377627968273025,1.2207795016484249
sh601677,2013-08-15,7.9,7.96,7.71,7.75,-0.021465,1949894.0,15248870.0,838937500.0,3107750000.0,0.018012877598152423,7.927427705226413,2013-03-31 00:00:00,2013-04-23 00:00:00,54.320316089561366,0.6016713728523465,39.342139869309,1.2514603024226176
sh601677,2013-08-14,7.91,8.09,7.81,7.92,-0.006274,3369124.0,26862288.0,857340000.0,3175920000.0,0.031123547344110856,8.101322594722124,2013-03-31 00:00:00,2013-04-23 00:00:00,55.51187856291432,0.6148695476935894,40.205143269590764,1.2789121517601492
sh601677,2013-08-13,7.99,8.19,7.93,7.97,-0.009937999999999999,3152660.0,25258528.0,862752500.0,3195970000.0,0.029123879907621247,8.152471199024806,2013-03-31 00:00:00,2013-04-23 00:00:00,55.86235900330104,0.618751595201886,40.458982928484076,1.2869867063558258
sh601677,2013-08-12,7.75,8.07,7.63,8.05,0.040052,4573427.0,36211552.0,871412500.0,3228050000.0,0.04224874826789839,8.234303709287706,2013-03-31 00:00:00,2013-04-23 00:00:00,56.42309168850136,0.6249624722511177,40.86510029521796,1.2999051638744097
sh601677,2013-08-09,7.55,7.82,7.5,7.74,0.029255,3108810.0,23954735.0,837855000.0,3103740000.0,0.02871879907621247,7.917203860275936,2013-03-31 00:00:00,2013-04-23 00:00:00,54.25026026439193,0.6008954093171474,39.29140109842388,1.2498463191017466
sh601677,2013-08-08,7.44,7.63,7.43,7.52,0.013477000000000001,1210783.0,9110912.0,814040000.0,3015520000.0,0.011185062355658198,7.69216944321469,2013-03-31 00:00:00,2013-04-23 00:00:00,52.70827954626593,0.5838158758686112,38.17460308516731,1.2143213480641304
sh601677,2013-08-07,7.55,7.57,7.42,7.42,-0.017218999999999998,1173355.0,8784792.0,803215000.0,2975420000.0,0.01083930715935335,7.589880622071038,2013-03-31 00:00:00,2013-04-23 00:00:00,52.00737613805339,0.5760524174387887,37.666965392571626,1.1981735629561703
sh601677,2013-08-06,7.45,7.58,7.41,7.55,0.003989,1153506.0,8657553.0,817287500.0,3027550000.0,0.010655944572748268,7.722860558019578,2013-03-31 00:00:00,2013-04-23 00:00:00,52.91858118752131,0.5861452525423148,38.32691656897277,1.2191663890085076
sh601677,2013-08-05,7.41,7.54,7.37,7.52,0.009396,1596946.0,11903612.0,814040000.0,3015520000.0,0.014752387990762124,7.692176466096319,2013-03-31 00:00:00,2013-04-23 00:00:00,52.70832766845185,0.5838164088872634,38.17463793823713,1.214322456728617
sh601677,2013-08-02,7.31,7.83,7.26,7.45,0.019152000000000002,2605826.0,19646838.0,806462500.0,2987450000.0,0.02407229561200924,7.6205735569551685,2013-03-31 00:00:00,2013-04-23 00:00:00,52.21769025085483,0.5783819322518252,37.819287909043766,1.2030188912266515
sh601677,2013-08-01,7.08,7.32,7.08,7.31,0.025245,1426292.0,10366178.0,791307500.0,2931310000.0,0.013175907621247113,7.4773670237169405,2013-03-31 00:00:00,2013-04-23 00:00:00,51.236410516640134,0.5675129247176331,37.10858430248262,1.18041164735648
sh601677,2013-07-31,7.11,7.2,7.11,7.13,0.0014039999999999999,790897.0,5660024.0,771822500.0,2859130000.0,0.007306207852193995,7.293248953876334,2013-03-31 00:00:00,2013-04-23 00:00:00,49.97479677212777,0.5535388367830452,36.19484542961206,1.1513459196157798
sh601677,2013-07-30,6.96,7.18,6.96,7.12,0.017143000000000002,777976.0,5519703.0,770740000.0,2855120000.0,0.0071868452655889144,7.283023588757718,2013-03-31 00:00:00,2013-04-23 00:00:00,49.904730530463,0.5527627578709943,36.144099114455365,1.1497316963141548
sh601677,2013-07-29,7.05,7.14,6.98,7.0,-0.022346,1053557.0,7423000.0,757750000.0,2807000000.0,0.00973262817551963,7.160274994526549,2013-03-31 00:00:00,2013-04-23 00:00:00,49.06363267550678,0.5434464552879922,35.53492391380107,1.1303540370568885
sh601677,2013-07-26,7.37,7.37,7.12,7.16,-0.02585,1110796.0,8012460.0,775070000.0,2871160000.0,0.010261394919168592,7.32393566080285,2013-03-31 00:00:00,2013-04-23 00:00:00,50.185068209721216,0.5558678789101178,36.34713703805342,1.1561902647121463
sh601677,2013-07-25,7.48,7.5,7.32,7.35,-0.012097,1258618.0,9306004.0,795637500.0,2947350000.0,0.01162695612009238,7.518283283686138,2013-03-31 00:00:00,2013-04-23 00:00:00,51.51677689238949,0.5706183636094213,37.31164300985825,1.1868708768794807
sh601677,2013-07-24,7.46,7.59,7.32,7.44,-0.008,1411188.0,10502886.0,805380000.0,2983440000.0,0.013036378752886836,7.6103456348306855,2013-03-31 00:00:00,2013-04-23 00:00:00,52.14760648807574,0.5776056592696057,37.76852890401006,1.201404264264286
sh601677,2013-07-23,7.34,7.58,7.31,7.5,0.02459,1610806.0,12059101.0,811875000.0,3007500000.0,0.01488042494226328,7.671719389950288,2013-03-31 00:00:00,2013-04-23 00:00:00,52.568151701689246,0.5822637694250057,38.073113814526266,1.2110930083309333
sh601677,2013-07-22,7.15,7.33,7.11,7.32,0.004115,1248952.0,8993742.0,792390000.0,2935320000.0,0.011537662817551963,7.487599322607373,2013-03-31 00:00:00,2013-04-23 00:00:00,51.3065242698926,0.5682895298851305,37.159365028476046,1.1820269652553055
sh601677,2013-07-19,7.43,7.68,7.26,7.29,-0.018843000000000002,1882614.0,14109416.0,789142500.0,2923290000.0,0.017391353348729793,7.45691412099946,2013-03-31 00:00:00,2013-04-23 00:00:00,51.096263147042514,0.565960602007868,37.00708089061118,1.177182857795477
sh601677,2013-07-18,7.57,7.58,7.4,7.43,-0.017196,1235484.0,9231842.0,804297500.0,2979430000.0,0.011413247113163973,7.600123243272442,2013-03-31 00:00:00,2013-04-23 00:00:00,52.077560621839844,0.5768298060431389,37.717797346001895,1.1997905103826167
sh601677,2013-07-17,7.8,7.82,7.56,7.56,-0.030769,1884317.0,14461833.0,818370000.0,3031560000.0,0.01740708545034642,7.733101659407615,2013-03-31 00:00:00,2013-04-23 00:00:00,52.9887552572434,0.5869225257967396,38.37774097989212,1.2207830965102062
sh601677,2013-07-16,7.69,7.82,7.63,7.8,0.014303999999999999,2033174.0,15716385.0,844350000.0,3127800000.0,0.018782207852193995,7.978595050516972,2013-03-31 00:00:00,2013-04-23 00:00:00,54.67092494693567,0.6055548427534196,39.59607253574445,1.2595378155570822
sh601677,2013-07-15,7.64,7.81,7.64,7.69,0.005229,2382456.0,18376111.0,832442500.0,3083690000.0,0.02200883140877598,7.8660786613450915,2013-03-31 00:00:00,2013-04-23 00:00:00,53.89994020228222,0.5970151382163726,39.03767759541956,1.2417754593860242
sh601677,2013-07-12,7.76,7.81,7.62,7.65,-0.022989,2598453.0,20012633.0,828112500.0,3067650000.0,0.024004184757505775,7.8251608950250064,2013-03-31 00:00:00,2013-04-23 00:00:00,53.61956350471606,0.5939095849964263,38.834611412344415,1.2353159920635242
sh601677,2013-07-11,7.7,8.08,7.61,7.83,0.003846,5390668.0,42265115.0,847597500.0,3139830000.0,0.04979831870669746,8.009286379605763,2013-03-31 00:00:00,2013-04-23 00:00:00,54.8812280565071,0.6078842356907203,39.74838708299539,1.2643828903293044
sh601677,2013-07-10,7.51,7.98,7.41,7.8,0.038615,6776715.0,51699051.0,844350000.0,3127800000.0,0.0626024480369515,7.978600681385156,2013-03-31 00:00:00,2013-04-23 00:00:00,54.670963530767764,0.6055552701218317,39.59610048054721,1.2595387044719055
sh601677,2013-07-09,6.84,7.51,6.84,7.51,0.099561,4007870.0,29700415.0,812957500.0,3011510000.0,0.03702420323325635,7.681961729211649,2013-03-31 00:00:00,2013-04-23 00:00:00,52.63833425356629,0.583041136630832,38.123944368748,1.2127099112490243
sh601677,2013-07-08,7.08,7.08,6.81,6.83,-0.054016999999999996,1083584.0,7489657.0,739347500.0,2738830000.0,0.010010013856812933,6.986389776657819,2013-03-31 00:00:00,2013-04-23 00:00:00,47.87213647407128,0.5302490144983607,34.67196851174969,1.1029037145270015
sh601677,2013-07-05,7.05,7.51,7.03,7.22,0.018336,1964709.0,14341784.0,781565000.0,2895220000.0,0.018149736720554272,7.385322755966881,2013-03-31 00:00:00,2013-04-23 00:00:00,50.60570483198037,0.5605270015405781,36.65178815237661,1.1658811146997372
sh601677,2013-07-04,6.86,7.19,6.86,7.09,0.033527999999999995,1161731.0,8195362.0,767492500.0,2843090000.0,0.01073192609699769,7.252343780409297,2013-03-31 00:00:00,2013-04-23 00:00:00,49.69450636330285,0.5504342393282553,35.99184174219179,1.1448884402591457
sh601677,2013-07-03,7.01,7.01,6.81,6.86,-0.022472,679377.0,4683916.0,742595000.0,2750860000.0,0.006276,7.017075280407785,2013-03-31 00:00:00,2013-04-23 00:00:00,48.08239966725899,0.5325779653074278,34.82425414908138,1.1077478696843681
sh601677,2013-07-02,7.11,7.16,7.06,7.12,-0.004196,634934.0,4514025.0,770740000.0,2855120000.0,0.005865441108545035,7.178388015901115,2013-03-31 00:00:00,2013-04-23 00:00:00,49.187746711356596,0.5448211870221905,35.624814991571995,1.1332134421565092
sh601677,2013-07-01,7.04,7.2,7.0,7.15,0.0070420000000000005,716713.0,5096609.0,773987500.0,2867150000.0,0.006620905311778291,7.208635450250366,2013-03-31 00:00:00,2013-04-23 00:00:00,49.39500816561954,0.5471168894904926,35.774926583516425,1.1379884416577049
sh601677,2013-06-28,7.2,7.28,7.01,7.1,0.00141,697744.0,4978918.0,768575000.0,2847100000.0,0.006445672055427252,7.158227214207914,2013-03-31 00:00:00,2013-04-23 00:00:00,49.049600876248995,0.5432910340288615,35.524761215040115,1.130030765010501
sh601677,2013-06-27,7.27,7.38,7.04,7.09,-0.019364,1111829.0,8050645.0,767492500.0,2843090000.0,0.010270937644341801,7.148148325069567,2013-03-31 00:00:00,2013-04-23 00:00:00,48.980538317221715,0.542526072266965,35.474741829061145,1.1284396650827344
sh601677,2013-06-26,7.2,7.27,7.03,7.23,0.005563,940724.0,6734929.0,782647500.0,2899230000.0,0.008690290993071594,7.289298297298455,2013-03-31 00:00:00,2013-04-23 00:00:00,49.947726085134256,0.5532389921101868,36.175239160158455,1.1507222507461836
sh601677,2013-06-25,7.36,7.43,6.7,7.19,-0.028377999999999997,1587495.0,11274730.0,778317500.0,2883190000.0,0.014665080831408776,7.248972264590537,2013-03-31 00:00:00,2013-04-23 00:00:00,49.67140406432442,0.550178349949418,35.97510962531284,1.144356197221043
sh601677,2013-06-24,8.18,8.18,7.36,7.4,-0.095355,1624869.0,12485336.0,801050000.0,2967400000.0,0.015010337182448036,7.460691775804312,2013-03-31 00:00:00,2013-04-23 00:00:00,51.12214839137486,0.5662473162911277,37.025828589011816,1.1777792158072202
sh601677,2013-06-21,8.09,8.25,8.03,8.18,-0.008485,688665.0,5618814.0,885485000.0,3280180000.0,0.006361801385681294,8.247093363478836,2013-03-31 00:00:00,2013-04-23 00:00:00,56.51072895044449,0.6259331741082167,40.928572632371605,1.30192419767668
sh601677,2013-06-20,8.37,8.45,8.21,8.25,-0.027123,849354.0,7064924.0,893062500.0,3308250000.0,0.007846226327944572,8.31766878310347,2013-03-31 00:00:00,2013-04-23 00:00:00,56.994325804899056,0.6312896669321358,41.27882344933925,1.3130655589443225
sh601677,2013-06-19,8.57,8.57,8.21,8.48,-0.018519,1018847.0,8577716.0,917960000.0,3400480000.0,0.009411981524249423,8.54955845713638,2013-03-31 00:00:00,2013-04-23 00:00:00,58.58328011135946,0.6488894967525555,42.42964264684976,1.3496727324670257
sh601677,2013-06-18,8.71,8.71,8.54,8.64,-0.004608,523808.0,4512326.0,935280000.0,3464640000.0,0.004838872979214781,8.710875154115442,2013-03-31 00:00:00,2013-04-23 00:00:00,59.688654300347594,0.661133019133896,43.23022314935262,1.375138930317577
sh601677,2013-06-17,8.61,8.69,8.49,8.68,0.00813,1077145.0,9258488.0,939610000.0,3480680000.0,0.009950531177829099,8.751200686880589,2013-03-31 00:00:00,2013-04-23 00:00:00,59.964972895449826,0.6641936233502942,43.430350203088445,1.3815049049194457
sh601677,2013-06-14,8.67,8.74,8.5,8.61,0.001163,1085548.0,9315155.0,932032500.0,3452610000.0,0.010028157043879908,8.680627187843422,2013-03-31 00:00:00,2013-04-23 00:00:00,59.48138920124371,0.6588372762940238,43.080108917588454,1.3703638468445989
sh601677,2013-06-13,8.91,8.91,8.56,8.6,-0.033708,976713.0,8439928.0,930950000.0,3448600000.0,0.009022752886836028,8.670543345932103,2013-03-31 00:00:00,2013-04-23 00:00:00,59.41229270482799,0.6580719386293977,43.030064952049216,1.3687719650492467
sh601677,2013-06-07,9.09,9.13,8.87,8.9,-0.019824,883959.0,7938687.0,963425000.0,3568900000.0,0.008165903002309469,8.973005412372348,2013-03-31 00:00:00,2013-04-23 00:00:00,61.484823122646155,0.68102803151573,44.53111994309093,1.4165200219491072
sh601677,2013-06-06,9.23,9.3,9.07,9.08,-0.022605,980174.0,8996064.0,982910000.0,3641080000.0,0.009054725173210161,9.15448390123034,2013-03-31 00:00:00,2013-04-23 00:00:00,62.728349931692,0.6948017820429493,45.431759136207084,1.445169053260952
sh601677,2013-06-05,9.19,9.31,9.19,9.29,0.009783,858827.0,7957385.0,1005642500.0,3725290000.0,0.007933736720554271,9.36620701070738,2013-03-31 00:00:00,2013-04-23 00:00:00,64.17911891476017,0.7108710214835858,46.482495957322364,1.4785926398855653
sh601677,2013-06-04,9.38,9.43,9.19,9.2,-0.020234000000000002,1380482.0,12798911.0,995900000.0,3689200000.0,0.012752720554272515,9.275465135288847,2013-03-31 00:00:00,2013-04-23 00:00:00,63.55733748217206,0.7039839465346374,46.032163303722044,1.464267708889499
sh601677,2013-06-03,9.39,9.53,9.31,9.39,-0.0063490000000000005,1438551.0,13501795.0,1016467500.0,3765390000.0,0.013289154734411085,9.467020834861433,2013-03-31 00:00:00,2013-04-23 00:00:00,64.86991534935083,0.7185225314357074,46.98281355315662,1.4945075751653958
sh601677,2013-05-31,9.57,9.67,9.44,9.45,-0.008395,2110734.0,20215220.0,1022962500.0,3789450000.0,0.019498697459584293,9.527511002214494,2013-03-31 00:00:00,2013-04-23 00:00:00,65.28440604331988,0.723113579552285,47.28301340526666,1.5040568319917114
sh601677,2013-05-30,9.64,9.68,9.5,9.53,-0.013458000000000001,1585548.0,15228112.0,1031622500.0,3821530000.0,0.014647094688221708,9.60817160282017,2013-03-31 00:00:00,2013-04-23 00:00:00,65.83710856976305,0.729235511672778,47.68331483329216,1.5167902864464293
sh601677,2013-05-29,9.66,9.73,9.59,9.66,0.0,1832776.0,17707069.0,1045695000.0,3873660000.0,0.016930956120092377,9.739242326044069,2013-03-31 00:00:00,2013-04-23 00:00:00,66.7352313127703,0.739183442441151,48.33379099246879,1.5374817153719043
sh601677,2013-05-28,9.6,9.69,9.46,9.66,0.007298999999999999,2346159.0,22496333.0,1045695000.0,3873660000.0,0.02167352424942263,9.739242326044069,2013-03-31 00:00:00,2013-04-23 00:00:00,66.7352313127703,0.739183442441151,48.33379099246879,1.5374817153719043
sh601677,2013-05-27,9.61,9.76,9.48,9.59,-0.006218,2799571.0,26932738.0,1038117500.0,3845590000.0,0.02586208775981524,9.66867069861488,2013-03-31 00:00:00,2013-04-23 00:00:00,66.25166044319542,0.7338272374351121,47.983558995361655,1.5263409527577259
sh601677,2013-05-24,9.58,9.8,9.55,9.65,0.0,3771534.0,36425678.0,1044612500.0,3869650000.0,0.03484096073903002,9.729166656887406,2013-03-31 00:00:00,2013-04-23 00:00:00,66.66619081769987,0.7384187250675823,48.283787586574974,1.5358911237652983
sh601677,2013-05-23,9.49,9.92,9.46,9.65,0.014721000000000001,7483658.0,72871323.0,1044612500.0,3869650000.0,0.06913309930715936,9.729166656887406,2013-03-31 00:00:00,2013-04-23 00:00:00,66.66619081769987,0.7384187250675823,48.283787586574974,1.5358911237652983
sh601677,2013-05-22,9.41,9.59,9.35,9.51,0.0063490000000000005,2887333.0,27416389.0,1029457500.0,3813510000.0,0.02667282217090069,9.58802139394711,2013-03-31 00:00:00,2013-04-23 00:00:00,65.69903531877222,0.7277061626472521,47.58331362667666,1.5136092815318676
sh601677,2013-05-21,9.41,9.48,9.35,9.45,0.0,1870790.0,17581853.0,1022962500.0,3789450000.0,0.017282124711316394,9.527531098999564,2013-03-31 00:00:00,2013-04-23 00:00:00,65.28454375050029,0.723115104846581,47.28311314134228,1.5040600045628976
sh601677,2013-05-20,9.31,9.47,9.3,9.45,0.016128999999999998,2802216.0,26360675.0,1022962500.0,3789450000.0,0.02588652193995381,9.527531098999564,2013-03-31 00:00:00,2013-04-23 00:00:00,65.28454375050029,0.723115104846581,47.28311314134228,1.5040600045628976
sh601677,2013-05-17,9.23,9.33,9.12,9.3,0.01087,2276676.0,21044810.0,1006725000.0,3729300000.0,0.021031648960739033,9.37630074429483,2013-03-31 00:00:00,2013-04-23 00:00:00,64.24828319091404,0.711637109900988,46.53258901314919,1.4801860832265368
sh601677,2013-05-16,9.19,9.25,9.08,9.2,0.001088,1680691.0,15412969.0,995900000.0,3689200000.0,0.015526013856812931,9.275476316731956,2013-03-31 00:00:00,2013-04-23 00:00:00,63.55741409965085,0.7039847951774098,46.03221879484919,1.4642694740436824
sh601677,2013-05-15,9.2,9.26,9.1,9.19,-0.012889,2362303.0,21707414.0,994817500.0,3685190000.0,0.021822660508083142,9.26539556635576,2013-03-31 00:00:00,2013-04-23 00:00:00,63.48833878705055,0.7032196921523481,45.98219017194213,1.4626780802923245
sh601677,2013-05-14,9.08,9.34,9.01,9.31,0.023077,2448325.0,22395105.0,1007807500.0,3733310000.0,0.022617321016166283,9.386376574018282,2013-03-31 00:00:00,2013-04-23 00:00:00,64.31732478622014,0.7124018394611631,46.58259321590189,1.4817767001809568
sh601677,2013-05-13,9.02,9.13,8.96,9.1,0.0066370000000000005,1482397.0,13425050.0,985075000.0,3649100000.0,0.013694198614318706,9.174653104329666,2013-03-31 00:00:00,2013-04-23 00:00:00,62.866553334910414,0.6963325726813945,45.53185460713308,1.448353056691683
sh601677,2013-05-10,8.93,9.06,8.88,9.04,0.012318,1080087.0,9727695.0,978580000.0,3625040000.0,0.009977709006928405,9.11416240842495,2013-03-31 00:00:00,2013-04-23 00:00:00,62.45205901919998,0.6917414844491058,45.23165213193344,1.438803716425765
sh601677,2013-05-09,9.07,9.09,8.89,8.93,-0.01326,1140627.0,10235247.0,966672500.0,3580930000.0,0.010536969976905312,9.003260248681688,2013-03-31 00:00:00,2013-04-23 00:00:00,61.69213529661625,0.6833242957737644,44.68126826939107,1.4212961899578638
sh601677,2013-05-08,9.09,9.09,8.96,9.05,0.002215,1237952.0,11145163.0,979662500.0,3629050000.0,0.011436046189376445,9.124247774167145,2013-03-31 00:00:00,2013-04-23 00:00:00,62.52116595720885,0.6925069377685759,45.28170365992163,1.4403958387800881
sh601677,2013-05-07,8.96,9.19,8.89,9.03,0.003333,1648736.0,14914475.0,977497500.0,3621030000.0,0.015230817551963047,9.104082232023213,2013-03-31 00:00:00,2013-04-23 00:00:00,62.38298763958716,0.6909764249872291,45.18162635753968,1.4372124132846624
sh601677,2013-05-06,9.0,9.1,8.92,9.0,0.011236,1217902.0,10939601.0,974250000.0,3609000000.0,0.011250826789838337,9.073839126215535,2013-03-31 00:00:00,2013-04-23 00:00:00,62.175755845354594,0.6886810510440992,45.03153624722767,1.4324380971070048
sh601677,2013-05-03,8.8,8.92,8.77,8.9,0.014823,1346550.0,11966849.0,963425000.0,3568900000.0,0.012439260969976905,8.973018292678995,2013-03-31 00:00:00,2013-04-23 00:00:00,61.48491138107681,0.6810290090978753,44.53118386531697,1.4165220552937243
sh601677,2013-05-02,8.8,8.8,8.66,8.77,0.0,431563.0,3768846.0,949352500.0,3516770000.0,0.0039867251732101615,8.8419540084123,2013-03-31 00:00:00,2013-04-23 00:00:00,60.586832759088836,0.6710815670297927,43.88073966131726,1.395831642851733
sh601677,2013-04-26,8.98,9.03,8.76,8.77,-0.017917,934697.0,8257259.0,949352500.0,3516770000.0,0.008634614318706697,8.8419540084123,2013-03-31 00:00:00,2013-04-23 00:00:00,60.586832759088836,0.6710815670297927,43.88073966131726,1.395831642851733
sh601677,2013-04-25,9.05,9.14,8.92,8.93,-0.006673999999999999,1302872.0,11765319.0,966672500.0,3580930000.0,0.012035769053117783,9.003265516674556,2013-03-31 00:00:00,2013-04-23 00:00:00,61.69217139395431,0.6833246956008735,44.68129441332072,1.4212970215875165
sh601677,2013-04-24,8.9,9.04,8.78,8.99,0.014672999999999999,1136549.0,10135922.0,973167500.0,3604990000.0,0.01049929792147806,9.063757031100119,2013-03-31 00:00:00,2013-04-23 00:00:00,62.10667131833286,0.6879158459567891,44.98150095066546,1.4308464910689103
sh601677,2013-04-23,9.11,9.12,8.8,8.86,-0.027442,1351369.0,12028377.0,959095000.0,3552860000.0,0.01248377829099307,8.932687704413262,2013-03-31 00:00:00,2013-04-23 00:00:00,61.20855814467603,0.6779680211819858,44.331031722205545,1.4101552826072148
sh601677,2013-04-22,9.11,9.12,9.04,9.11,-0.007625,1135224.0,10310839.0,986157500.0,3653110000.0,0.010487057736720554,9.184735207990949,2012-09-30 00:00:00,2012-10-23 00:00:00,45.57017582293198,0.6834556464845477,254.37760000876713,1.4575244757228407
sh601677,2013-04-19,8.97,9.24,8.97,9.18,0.018868,1311344.0,11990423.0,993735000.0,3681180000.0,0.01211403233256351,9.255306923280967,2012-09-30 00:00:00,2012-10-23 00:00:00,45.92031824958506,0.688707037646603,256.3321325192262,1.4687234923520247
sh601677,2013-04-18,9.0,9.11,8.93,9.01,-0.002215,818139.0,7373355.0,975332500.0,3613010000.0,0.007557866050808314,9.083911677745268,2012-09-30 00:00:00,2012-10-23 00:00:00,45.06993864718987,0.6759531535455062,251.58522254033514,1.4415248023807055
sh601677,2013-04-17,9.04,9.08,8.91,9.03,-0.001106,727151.0,6536730.0,977497500.0,3621030000.0,0.0067173302540415696,9.104077208762678,2012-09-30 00:00:00,2012-10-23 00:00:00,45.16999017542845,0.6774537135209552,252.14372088208899,1.444724867963244
sh601677,2013-04-16,8.8,9.08,8.8,9.04,0.006682,887933.0,7947673.0,978580000.0,3625040000.0,0.008202614318706697,9.114157466921093,2012-09-30 00:00:00,2012-10-23 00:00:00,45.220003499298684,0.6782038069314215,252.42290061016385,1.446324502863411
sh601677,2013-04-15,9.0,9.1,8.95,8.98,-0.01427,1053238.0,9478767.0,972085000.0,3600980000.0,0.00972968129330254,9.053660904755516,2012-09-30 00:00:00,2012-10-23 00:00:00,44.91984906782746,0.673702129303416,250.74740644032954,1.4367243110171941
sh601677,2013-04-12,9.2,9.28,9.1,9.11,-0.011931,820219.0,7534778.0,986157500.0,3653110000.0,0.007577080831408776,9.184726958452634,2012-09-30 00:00:00,2012-10-23 00:00:00,45.57013489274696,0.6834550326188876,254.37737153209252,1.4575231666046427
sh601677,2013-04-11,9.44,9.51,9.2,9.22,-0.030494,2069213.0,19283237.0,998065000.0,3697220000.0,0.019115131639722865,9.295633157656635,2012-09-30 00:00:00,2012-10-23 00:00:00,46.12039735357243,0.6917077983611343,257.44899549737164,1.4751228574164785
sh601677,2013-04-10,9.3,9.85,9.17,9.51,0.028107999999999998,4036498.0,38681587.0,1029457500.0,3813510000.0,0.03728866512702079,9.588009932539496,2012-09-30 00:00:00,2012-10-23 00:00:00,47.571028290255484,0.7134641749108662,265.54657268482265,1.5215200910736795
sh601677,2013-04-09,9.12,9.27,9.12,9.25,0.007625,1390308.0,12824592.0,1001312500.0,3709250000.0,0.012843491916859122,9.325878149512985,2012-09-30 00:00:00,2012-10-23 00:00:00,46.270458249770925,0.6939583924168145,258.2866514848855,1.4799224313726569
sh601677,2013-04-08,9.2,9.23,8.98,9.18,-0.019231,1549537.0,14068622.0,993735000.0,3681180000.0,0.014314429561200924,9.255306437923815,2012-09-30 00:00:00,2012-10-23 00:00:00,45.92031584147964,0.6887070015301471,256.33211907692396,1.4687234153307598
sh601677,2013-04-03,9.43,9.59,9.35,9.36,-0.015773,976556.0,9223296.0,1013220000.0,3753360000.0,0.009021302540415704,9.43678525516591,2012-09-30 00:00:00,2012-10-23 00:00:00,46.8207252079538,0.70221122560985,261.35830055489515,1.4975222660287588
sh601677,2013-04-02,9.63,9.71,9.45,9.51,-0.010406,1209557.0,11572595.0,1029457500.0,3813510000.0,0.011173736720554273,9.58801704806504,2012-09-30 00:00:00,2012-10-23 00:00:00,47.57106359402232,0.7134647043922288,265.5467697542286,1.521521220235534
sh601677,2013-04-01,9.55,9.66,9.54,9.61,0.001042,772286.0,7404578.0,1040282500.0,3853610000.0,0.007134281755196305,9.688839107821027,2012-09-30 00:00:00,2012-10-23 00:00:00,48.07129347391185,0.72096708790901,268.3391064964305,1.5375206602258442
sh601677,2013-03-29,9.63,9.72,9.52,9.6,-0.0031149999999999997,1192462.0,11428237.0,1039200000.0,3849600000.0,0.011015815242494226,9.678753846313167,2012-09-30 00:00:00,2012-10-23 00:00:00,48.0212553258623,0.7202166221886893,268.0597881971291,1.5359202313447828
sh601677,2013-03-28,9.98,9.98,9.58,9.63,-0.037962,1705316.0,16497445.0,1042447500.0,3861630000.0,0.01575349653579677,9.708997373130469,2012-09-30 00:00:00,2012-10-23 00:00:00,48.171308953251675,0.7224671072277036,268.89740360937225,1.5407195728140988
sh601677,2013-03-27,10.0,10.15,9.95,10.01,0.003006,1012978.0,10180925.0,1083582500.0,4014010000.0,0.009357764434180139,10.092114212879812,2012-09-30 00:00:00,2012-10-23 00:00:00,50.07214782914155,0.7509756446499033,279.5080897109805,1.601516335959805
sh601677,2013-03-26,10.19,10.19,9.91,9.98,-0.020608,1214596.0,12128776.0,1080335000.0,4001980000.0,0.011220286374133949,10.061868236959512,2012-09-30 00:00:00,2012-10-23 00:00:00,49.92208205049775,0.7487249773679352,278.67040646913426,1.5967166058426419
sh601677,2013-03-25,10.15,10.26,10.1,10.19,0.0049310000000000005,1097489.0,11177019.0,1103067500.0,4086190000.0,0.01013846651270208,10.273586303502082,2012-09-30 00:00:00,2012-10-23 00:00:00,50.97252382140935,0.764479368187544,284.53408489055886,1.630314119211349
sh601677,2013-03-22,10.23,10.23,10.07,10.14,-0.013619,1315079.0,13353865.0,1097655000.0,4066140000.0,0.012148535796766743,10.223175823516325,2012-09-30 00:00:00,2012-10-23 00:00:00,50.722411609761615,0.760728217347802,283.13793174910404,1.6223144864785237
sh601677,2013-03-21,10.19,10.4,10.12,10.28,0.009823,2039378.0,20937030.0,1112810000.0,4122280000.0,0.01883951963048499,10.36432760111592,2012-09-30 00:00:00,2012-10-23 00:00:00,51.42273787690722,0.7712316207913597,287.0472279465076,1.6447138443243774
sh601677,2013-03-20,10.1,10.2,10.02,10.18,0.015968,1594801.0,16161266.0,1101985000.0,4082180000.0,0.014732572748267898,10.263509150728318,2012-09-30 00:00:00,2012-10-23 00:00:00,50.922525904942965,0.7637295058553426,284.2549911682617,1.6287149771042821
sh601677,2013-03-19,9.8,10.03,9.35,10.02,0.014169999999999999,1338890.0,13182304.0,1084665000.0,4018020000.0,0.012368498845265589,10.10219726480393,2012-09-30 00:00:00,2012-10-23 00:00:00,50.122175014314394,0.7517259459504065,279.78734681433053,1.6031164142022998
sh601677,2013-03-18,10.18,10.19,9.86,9.88,-0.037975,2087561.0,20822492.0,1069510000.0,3961880000.0,0.01928462817551963,9.961049197672903,2012-09-30 00:00:00,2012-10-23 00:00:00,49.4218671567039,0.741222818610693,275.8781533809228,1.5807176451702374
sh601677,2013-03-15,10.27,10.4,10.11,10.27,0.00293,1242014.0,12705421.0,1111727500.0,4118270000.0,0.011473570438799076,10.354251914111279,2012-09-30 00:00:00,2012-10-23 00:00:00,51.37274723287222,0.7704818675301505,286.76817481970096,1.6431149348200282
sh601677,2013-03-14,10.39,10.46,10.16,10.24,-0.018216999999999997,1328004.0,13640706.0,1108480000.0,4106240000.0,0.012267935334872979,10.324002586532737,2012-09-30 00:00:00,2012-10-23 00:00:00,51.22266482493516,0.7682309508441769,285.93039875135946,1.63831467282864
sh601677,2013-03-13,10.37,10.47,10.2,10.43,0.022549,1907051.0,19764372.0,1129047500.0,4182430000.0,0.017617099307159354,10.515564627349157,2012-09-30 00:00:00,2012-10-23 00:00:00,52.17310222822676,0.7824854889972397,291.235842086652,1.668713629008284
sh601677,2013-03-12,10.45,10.51,10.1,10.2,-0.020173,1734402.0,17860247.0,1104150000.0,4090200000.0,0.016022189376443417,10.283677972741803,2012-09-30 00:00:00,2012-10-23 00:00:00,51.02259376149873,0.7652303107207965,284.8135806564302,1.6319155649345745
sh601677,2013-03-11,10.32,10.47,10.23,10.41,0.008721,1533883.0,15934598.0,1126882500.0,4174410000.0,0.01416981986143187,10.495401711467231,2012-09-30 00:00:00,2012-10-23 00:00:00,52.07306367501481,0.7809851236195742,290.6774161728858,1.6655139784212665
sh601677,2013-03-08,10.4,10.43,10.29,10.32,-0.006737000000000001,762057.0,7887561.0,1117140000.0,4138320000.0,0.00703978752886836,10.404662648509579,2012-09-30 00:00:00,2012-10-23 00:00:00,51.62286070679088,0.7742330373012698,288.16433500728726,1.6511146079255479
sh601677,2013-03-07,10.33,10.5,10.22,10.39,0.002896,1733241.0,17966137.0,1124717500.0,4166390000.0,0.016011464203233256,10.475234302002168,2012-09-30 00:00:00,2012-10-23 00:00:00,51.97300282683528,0.7794844238648473,290.1188658062238,1.662313614748106
sh601677,2013-03-06,10.23,10.36,10.16,10.36,0.013699000000000001,1560195.0,16024243.0,1121470000.0,4154360000.0,0.014412886836027714,10.444985623636118,2012-09-30 00:00:00,2012-10-23 00:00:00,51.82292363997391,0.7772335554881535,289.2811077182717,1.6575134557801665
sh601677,2013-03-05,10.12,10.25,10.01,10.22,0.015905000000000002,1224091.0,12428363.0,1106315000.0,4098220000.0,0.011308,10.303833409755875,2012-09-30 00:00:00,2012-10-23 00:00:00,51.12259520821655,0.7667301195800268,285.37179943777363,1.6351140287009918
sh601677,2013-03-04,10.39,10.39,10.0,10.06,-0.040076,1842489.0,18709475.0,1088995000.0,4034060000.0,0.017020683602771362,10.14251668192978,2012-09-30 00:00:00,2012-10-23 00:00:00,50.322220294433585,0.7547261993789053,280.90402098402274,1.6095146974382366
sh601677,2013-03-01,10.53,10.58,10.38,10.48,-0.004748,1575314.0,16475194.0,1134460000.0,4202480000.0,0.014552554272517322,10.56595801535307,2012-09-30 00:00:00,2012-10-23 00:00:00,52.42312963779797,0.7862353679863252,292.63152185383706,1.6767105494166583
sh601677,2013-02-28,10.36,10.54,10.33,10.53,0.017391,1794537.0,18784370.0,1139872500.0,4222530000.0,0.016577709006928405,10.616364514065854,2012-09-30 00:00:00,2012-10-23 00:00:00,52.67322209631126,0.7899862225710927,294.02756473118075,1.684709550361776
sh601677,2013-02-27,10.37,10.49,10.26,10.35,0.001936,1060343.0,10994088.0,1120387500.0,4150350000.0,0.009795316397228637,10.434891319134783,2012-09-30 00:00:00,2012-10-23 00:00:00,51.77284062500185,0.7764824168594894,289.00153896700556,1.6559115918676066
sh601677,2013-02-26,10.66,10.66,10.31,10.33,-0.029135,1924259.0,20239099.0,1118222500.0,4142330000.0,0.01777606466512702,10.414728404942814,2012-09-30 00:00:00,2012-10-23 00:00:00,51.672802080174634,0.7749820516075772,288.4431131000439,1.6527119415487683
sh601677,2013-02-25,10.64,10.79,10.6,10.64,-0.0028120000000000003,1396937.0,14880136.0,1151780000.0,4266640000.0,0.012904729792147806,10.727267338860516,2012-09-30 00:00:00,2012-10-23 00:00:00,53.2234678149636,0.7982387372163763,297.0990952398571,1.7023087056890178
sh601677,2013-02-22,10.65,10.81,10.61,10.67,0.0037630000000000003,1528872.0,16318308.0,1155027500.0,4278670000.0,0.014123528868360278,10.757517478008676,2012-09-30 00:00:00,2012-10-23 00:00:00,53.373554249513234,0.8004897142929682,297.9368937851811,1.7071090964682867
sh601677,2013-02-21,10.91,10.91,10.59,10.63,-0.030994,2191225.0,23478715.0,1150697500.0,4262630000.0,0.02024226327944573,10.717188696942085,2012-09-30 00:00:00,2012-10-23 00:00:00,53.17346251008778,0.7974887640737587,296.8199602746675,1.7007093272697706
sh601677,2013-02-20,10.91,10.98,10.83,10.97,0.0092,1826912.0,19913525.0,1187502500.0,4398970000.0,0.01687678521939954,11.059981771982923,2012-09-30 00:00:00,2012-10-23 00:00:00,54.874234535274056,0.8229967245546039,306.3138517972721,1.7551071172621948
sh601677,2013-02-19,11.11,11.11,10.84,10.87,-0.022482,2365931.0,25886603.0,1176677500.0,4358870000.0,0.021856175519630483,10.959157522773406,2012-09-30 00:00:00,2012-10-23 00:00:00,54.37399379238412,0.8154941781159373,303.521454416639,1.7391073298277793
sh601677,2013-02-18,11.1,11.28,11.02,11.12,0.002705,3030821.0,33671875.0,1203740000.0,4459120000.0,0.02799834642032332,11.211207898753175,2012-09-30 00:00:00,2012-10-23 00:00:00,55.62454480877499,0.8342497817083033,310.50216406924375,1.7791051723116906
sh601677,2013-02-08,10.88,11.15,10.85,11.09,0.017431,3677951.0,40474510.0,1200492500.0,4447090000.0,0.033976452655889146,11.180963392775718,2012-09-30 00:00:00,2012-10-23 00:00:00,55.474486323270554,0.831999223807903,309.6645215384822,1.7743056754595725
sh601677,2013-02-07,10.8,11.0,10.8,10.9,0.001838,1796342.0,19574666.0,1179925000.0,4370900000.0,0.01659438337182448,10.989407038684412,2012-09-30 00:00:00,2012-10-23 00:00:00,54.52407713473499,0.8177451088161292,304.35923570097845,1.743907621705622
sh601677,2013-02-06,10.89,11.04,10.82,10.88,0.001842,2401100.0,26178177.0,1177760000.0,4362880000.0,0.022181062355658202,10.969245565335324,2012-09-30 00:00:00,2012-10-23 00:00:00,54.424045738667324,0.8162448507803948,303.8008497391579,1.7407082000339598
sh601677,2013-02-05,10.76,10.9,10.68,10.86,-0.007312999999999999,3196425.0,34561601.0,1175595000.0,4354860000.0,0.029528175519630485,10.949077364829309,2012-09-30 00:00:00,2012-10-23 00:00:00,54.32398096572845,0.8147440921626313,303.2422774640691,1.7375077108306098
sh601677,2013-02-04,10.66,11.19,10.66,10.94,0.021475,4479931.0,48902927.0,1184255000.0,4386940000.0,0.04138504387990762,11.02973783763594,2012-09-30 00:00:00,2012-10-23 00:00:00,54.7241788859212,0.8207462091904411,305.47622509821235,1.7503077111220453
sh601677,2013-02-01,10.87,10.95,10.55,10.71,-0.03252,4575847.0,48895191.0,1159357500.0,4294710000.0,0.042271103926097,10.797853924605047,2012-09-30 00:00:00,2012-10-23 00:00:00,53.573684021558236,0.8034912349205228,299.05403959784854,1.7135100821087599
sh601677,2013-01-31,10.96,11.22,10.96,11.07,0.010959,2613234.0,28997076.0,1198327500.0,4439070000.0,0.024140729792147805,11.160803246170513,2012-09-30 00:00:00,2012-10-23 00:00:00,55.374461509858854,0.8304990644979978,309.10617232175196,1.7711064643287302
sh601677,2013-01-30,11.15,11.18,10.91,10.95,-0.011733,2289154.0,25221949.0,1185337500.0,4390950000.0,0.021146919168591224,11.039817882001657,2012-09-30 00:00:00,2012-10-23 00:00:00,54.77419114905634,0.8214962866921386,305.7553989051504,1.7519073120954758
sh601677,2013-01-29,11.1,11.16,10.9,11.08,0.010948999999999999,2400147.0,26460295.0,1199410000.0,4443080000.0,0.022172258660508083,11.170885886103308,2012-09-30 00:00:00,2012-10-23 00:00:00,55.42448665093172,0.8312493351413521,309.38541801471706,1.772706477192374
sh601677,2013-01-28,10.8,11.08,10.72,10.96,0.014815,1873076.0,20489150.0,1186420000.0,4394960000.0,0.01730324249422633,11.049900525252319,2012-09-30 00:00:00,2012-10-23 00:00:00,54.824216306590856,0.8222465575823825,306.03464469000613,1.7535073254856317
sh601677,2013-01-25,10.85,10.98,10.7,10.8,0.000927,1562935.0,16920057.0,1169100000.0,4330800000.0,0.014438198614318706,10.888586121857006,2012-09-30 00:00:00,2012-10-23 00:00:00,54.02385292549957,0.8102428103470902,301.5669306129749,1.7279083630865049
sh601677,2013-01-24,11.24,11.37,10.7,10.79,-0.040036,3355352.0,37107149.0,1168017500.0,4326790000.0,0.030996323325635098,10.878501750734078,2012-09-30 00:00:00,2012-10-23 00:00:00,53.97381919510572,0.8094924108822027,301.2876369735005,1.7263080755005162
sh601677,2013-01-23,11.28,11.42,11.0,11.24,-0.0017760000000000002,3194563.0,35756087.0,1216730000.0,4507240000.0,0.029510974595842957,11.332197614425203,2012-09-30 00:00:00,2012-10-23 00:00:00,56.2248367596136,0.843252883318752,313.85305800373817,1.7983050150844366
sh601677,2013-01-22,11.64,11.64,11.18,11.26,-0.032646,4216129.0,48078890.0,1218895000.0,4515260000.0,0.03894807390300231,11.352359404728,2012-09-30 00:00:00,2012-10-23 00:00:00,56.32486972825098,0.844753164939685,314.41145274381114,1.8015044870534436
sh601677,2013-01-21,11.51,11.69,11.41,11.64,0.0034479999999999997,3352116.0,38695602.0,1260030000.0,4667640000.0,0.030966429561200923,11.735475745929618,2012-09-30 00:00:00,2012-10-23 00:00:00,58.225706130590225,0.8732616652638899,325.02212503779504,1.8623011710846737
sh601677,2013-01-18,11.35,11.76,11.26,11.6,0.025641000000000004,5060790.0,58209596.0,1255700000.0,4651600000.0,0.04675094688221709,11.695150865744532,2012-09-30 00:00:00,2012-10-23 00:00:00,58.02563374543597,0.8702610053175551,323.9052995648953,1.8559020209165538
sh601677,2013-01-17,11.54,11.59,11.2,11.31,-0.025,3045016.0,34591133.0,1224307500.0,4535310000.0,0.02812947806004619,11.402772379170226,2012-09-30 00:00:00,2012-10-23 00:00:00,56.57499431617492,0.8485045013972287,315.80767497096474,1.8095045156312526
sh601677,2013-01-16,11.4,11.87,11.32,11.6,0.012216,6612860.0,76923644.0,1255700000.0,4651600000.0,0.06108877598152425,11.695151158123311,2012-09-30 00:00:00,2012-10-23 00:00:00,58.02563519607685,0.8702610270740807,323.90530766252795,1.8559020673141053
sh601677,2013-01-15,11.23,11.54,11.16,11.46,0.018667,4766537.0,54313545.0,1240545000.0,4595460000.0,0.04403267436489608,11.554007403679957,2012-09-30 00:00:00,2012-10-23 00:00:00,57.325348735918865,0.8597582206506129,319.9962336719909,1.8335039826619075
sh601677,2013-01-14,10.9,11.27,10.79,11.25,0.014427,6965894.0,77168818.0,1217812500.0,4511250000.0,0.06435006004618937,11.342281043442027,2012-09-30 00:00:00,2012-10-23 00:00:00,56.274865815736504,0.844003212679524,314.1323255509317,1.7999051531677253
sh601677,2013-01-11,11.67,11.77,11.06,11.09,-0.03313,2903243.0,32954786.0,1200492500.0,4447090000.0,0.026819796766743648,11.180973143895052,2012-09-30 00:00:00,2012-10-23 00:00:00,55.474534703568125,0.8319999494093948,309.66479160248264,1.774307222863474
sh601677,2013-01-10,11.42,11.53,11.34,11.47,0.007909000000000001,3706904.0,42406181.0,926776000.0,4599470000.0,0.045877524752475245,11.564091495128665,2012-09-30 00:00:00,2012-10-23 00:00:00,57.375381078705644,0.8605085993043479,320.2755195656941,1.835104225866429
sh601677,2013-01-09,11.27,11.56,11.14,11.38,0.006189,4092180.0,46538925.0,919504000.0,4563380000.0,0.05064579207920792,11.473348779630568,2012-09-30 00:00:00,2012-10-23 00:00:00,56.92515998835773,0.8537562411927544,317.7623372404593,1.820704275749526
sh601677,2013-01-08,11.05,11.35,11.0,11.31,0.011628,2922855.0,32673783.0,913848000.0,4535310000.0,0.03617394801980198,11.402776992821993,2012-09-30 00:00:00,2012-10-23 00:00:00,56.575017206864445,0.8485048447088512,315.8078027492442,1.8095052477710707
sh601677,2013-01-07,11.11,11.21,11.03,11.18,-0.004452,1737121.0,19309237.0,874835000.0,4483180000.0,0.022199629392971244,11.271709554126607,2012-09-30 00:00:00,2012-10-23 00:00:00,55.924724510259146,0.8387518383327184,312.1777992989955,1.788706172398422
sh601677,2013-01-04,11.45,11.55,11.13,11.23,-0.005314,2174764.0,24657611.0,878747500.0,4503230000.0,0.027792511182108626,11.32211561283495,2012-09-30 00:00:00,2012-10-23 00:00:00,56.17481478568502,0.8425026601758212,313.5738299901115,1.7967051035192898
